rotate: 0.000000,0.000000,-742762557604219390000000000000000000000000000000000000.000000
drawImplementation
-1.000000,	0.000000,	0.000000,	0.000000
0.000000,	0.000000,	1.000000,	0.000000
0.000000,	1.000000,	0.000000,	0.000000
0.000000,	0.000000,	-3.974028,	1.000000
rotate: 0.000000,0.000000,-742762557604219390000000000000000000000000000000000000.000000
rotate: 0.000000,0.000000,-742762557604219390000000000000000000000000000000000000.000000
drawImplementation
-1.000000,	0.000000,	0.000000,	0.000000
0.000000,	0.000000,	1.000000,	0.000000
0.000000,	1.000000,	0.000000,	0.000000
0.000000,	0.000000,	-3.974028,	1.000000
rotate: 0.000000,0.000000,-742762557604219390000000000000000000000000000000000000.000000
drawImplementation
-1.000000,	0.000000,	0.000000,	0.000000
0.000000,	0.000000,	1.000000,	0.000000
0.000000,	1.000000,	0.000000,	0.000000
0.000000,	0.000000,	-3.974028,	1.000000
rotate: 0.000000,0.000000,-742762557604219390000000000000000000000000000000000000.000000
drawImplementation
-1.000000,	0.000000,	0.000000,	0.000000
0.000000,	0.000000,	1.000000,	0.000000
0.000000,	1.000000,	0.000000,	0.000000
0.000000,	0.000000,	-3.974028,	1.000000
rotate: 0.000000,0.000000,-742762557604219390000000000000000000000000000000000000.000000
drawImplementation
-1.000000,	0.000000,	0.000000,	0.000000
0.000000,	0.000000,	1.000000,	0.000000
0.000000,	1.000000,	0.000000,	0.000000
0.000000,	0.000000,	-3.974028,	1.000000
rotate: 0.000000,0.000000,-742762557604219390000000000000000000000000000000000000.000000
drawImplementation
-1.000000,	0.000000,	0.000000,	0.000000
0.000000,	0.000000,	1.000000,	0.000000
0.000000,	1.000000,	0.000000,	0.000000
0.000000,	0.000000,	-3.974028,	1.000000
rotate: 0.000000,0.000000,-742762557604219390000000000000000000000000000000000000.000000
drawImplementation
-1.000000,	0.000000,	0.000000,	0.000000
0.000000,	0.000000,	1.000000,	0.000000
0.000000,	1.000000,	0.000000,	0.000000
0.000000,	0.000000,	-3.974028,	1.000000
rotate: 0.000000,0.000000,-742762557604219390000000000000000000000000000000000000.000000
drawImplementation
-1.000000,	0.000000,	0.000000,	0.000000
0.000000,	0.000000,	1.000000,	0.000000
0.000000,	1.000000,	0.000000,	0.000000
0.000000,	0.000000,	-3.974028,	1.000000
rotate: 0.000000,0.000000,-742762557604219390000000000000000000000000000000000000.000000
drawImplementation
-1.000000,	0.000000,	0.000000,	0.000000
0.000000,	0.000000,	1.000000,	0.000000
0.000000,	1.000000,	0.000000,	0.000000
0.000000,	0.000000,	-3.974028,	1.000000
rotate: 0.000000,0.000000,-742762557604219390000000000000000000000000000000000000.000000
drawImplementation
-1.000000,	0.000000,	0.000000,	0.000000
0.000000,	0.000000,	1.000000,	0.000000
0.000000,	1.000000,	0.000000,	0.000000
0.000000,	0.000000,	-3.974028,	1.000000
rotate: 0.000000,0.000000,-742762557604219390000000000000000000000000000000000000.000000
drawImplementation
-1.000000,	0.000000,	0.000000,	0.000000
0.000000,	0.000000,	1.000000,	0.000000
0.000000,	1.000000,	0.000000,	0.000000
0.000000,	0.000000,	-3.974028,	1.000000
rotate: 0.000000,0.000000,-742762557604219390000000000000000000000000000000000000.000000
drawImplementation
-1.000000,	0.000000,	0.000000,	0.000000
0.000000,	0.000000,	1.000000,	0.000000
0.000000,	1.000000,	0.000000,	0.000000
0.000000,	0.000000,	-3.974028,	1.000000
rotate: 0.000000,0.000000,-742762557604219390000000000000000000000000000000000000.000000
drawImplementation
-1.000000,	0.000000,	0.000000,	0.000000
0.000000,	0.000000,	1.000000,	0.000000
0.000000,	1.000000,	0.000000,	0.000000
0.000000,	0.000000,	-3.974028,	1.000000
rotate: 0.000000,0.000000,-742762557604219390000000000000000000000000000000000000.000000
drawImplementation
-1.000000,	0.000000,	0.000000,	0.000000
0.000000,	0.000000,	1.000000,	0.000000
0.000000,	1.000000,	0.000000,	0.000000
0.000000,	0.000000,	-3.974028,	1.000000
rotate: 0.000000,0.000000,-742762557604219390000000000000000000000000000000000000.000000
drawImplementation
-1.000000,	0.000000,	0.000000,	0.000000
0.000000,	0.000000,	1.000000,	0.000000
0.000000,	1.000000,	0.000000,	0.000000
0.000000,	0.000000,	-3.974028,	1.000000
rotate: 0.000000,0.000000,-742762557604219390000000000000000000000000000000000000.000000
drawImplementation
-1.000000,	0.000000,	0.000000,	0.000000
0.000000,	0.000000,	1.000000,	0.000000
0.000000,	1.000000,	0.000000,	0.000000
0.000000,	0.000000,	-3.974028,	1.000000
rotate: 0.000000,0.000000,-742762557604219390000000000000000000000000000000000000.000000
drawImplementation
-1.000000,	0.000000,	0.000000,	0.000000
0.000000,	0.000000,	1.000000,	0.000000
0.000000,	1.000000,	0.000000,	0.000000
0.000000,	0.000000,	-3.974028,	1.000000
rotate: 0.000000,0.000000,-742762557604219390000000000000000000000000000000000000.000000
drawImplementation
-1.000000,	0.000000,	0.000000,	0.000000
0.000000,	0.000000,	1.000000,	0.000000
0.000000,	1.000000,	0.000000,	0.000000
0.000000,	0.000000,	-3.974028,	1.000000
rotate: 0.000000,0.000000,-742762557604219390000000000000000000000000000000000000.000000
drawImplementation
-1.000000,	0.000000,	0.000000,	0.000000
0.000000,	0.000000,	1.000000,	0.000000
0.000000,	1.000000,	0.000000,	0.000000
0.000000,	0.000000,	-3.974028,	1.000000
rotate: 0.000000,0.000000,-742762557604219390000000000000000000000000000000000000.000000
drawImplementation
-1.000000,	0.000000,	0.000000,	0.000000
0.000000,	0.000000,	1.000000,	0.000000
0.000000,	1.000000,	0.000000,	0.000000
0.000000,	0.000000,	-3.974028,	1.000000
rotate: 0.000000,0.000000,-742762557604219390000000000000000000000000000000000000.000000
drawImplementation
-1.000000,	0.000000,	0.000000,	0.000000
0.000000,	0.000000,	1.000000,	0.000000
0.000000,	1.000000,	0.000000,	0.000000
0.000000,	0.000000,	-3.974028,	1.000000
rotate: 0.000000,0.000000,-742762557604219390000000000000000000000000000000000000.000000
drawImplementation
-1.000000,	0.000000,	0.000000,	0.000000
0.000000,	0.000000,	1.000000,	0.000000
0.000000,	1.000000,	0.000000,	0.000000
0.000000,	0.000000,	-3.974028,	1.000000
rotate: 0.000000,0.000000,-742762557604219390000000000000000000000000000000000000.000000
drawImplementation
-1.000000,	0.000000,	0.000000,	0.000000
0.000000,	0.000000,	1.000000,	0.000000
0.000000,	1.000000,	0.000000,	0.000000
0.000000,	0.000000,	-3.974028,	1.000000
rotate: 0.000000,0.000000,-742762557604219390000000000000000000000000000000000000.000000
drawImplementation
-1.000000,	0.000000,	0.000000,	0.000000
0.000000,	0.000000,	1.000000,	0.000000
0.000000,	1.000000,	0.000000,	0.000000
0.000000,	0.000000,	-3.974028,	1.000000
rotate: 0.000000,0.000000,-742762557604219390000000000000000000000000000000000000.000000
drawImplementation
-1.000000,	0.000000,	0.000000,	0.000000
0.000000,	0.000000,	1.000000,	0.000000
0.000000,	1.000000,	0.000000,	0.000000
0.000000,	0.000000,	-3.974028,	1.000000
rotate: 0.000000,0.000000,-742762557604219390000000000000000000000000000000000000.000000
drawImplementation
-1.000000,	0.000000,	0.000000,	0.000000
0.000000,	0.000000,	1.000000,	0.000000
0.000000,	1.000000,	0.000000,	0.000000
0.000000,	0.000000,	-3.974028,	1.000000
rotate: 0.000000,0.000000,-742762557604219390000000000000000000000000000000000000.000000
drawImplementation
-1.000000,	0.000000,	0.000000,	0.000000
0.000000,	0.000000,	1.000000,	0.000000
0.000000,	1.000000,	0.000000,	0.000000
0.000000,	0.000000,	-3.974028,	1.000000
rotate: 0.000000,0.000000,-742762557604219390000000000000000000000000000000000000.000000
drawImplementation
-1.000000,	0.000000,	0.000000,	0.000000
0.000000,	0.000000,	1.000000,	0.000000
0.000000,	1.000000,	0.000000,	0.000000
0.000000,	0.000000,	-3.974028,	1.000000
rotate: 0.000000,0.000000,-742762557604219390000000000000000000000000000000000000.000000
drawImplementation
-1.000000,	0.000000,	0.000000,	0.000000
0.000000,	0.000000,	1.000000,	0.000000
0.000000,	1.000000,	0.000000,	0.000000
0.000000,	0.000000,	-3.974028,	1.000000
rotate: 0.000000,0.000000,-742762557604219390000000000000000000000000000000000000.000000
drawImplementation
-1.000000,	0.000000,	0.000000,	0.000000
0.000000,	0.000000,	1.000000,	0.000000
0.000000,	1.000000,	0.000000,	0.000000
0.000000,	0.000000,	-3.974028,	1.000000
rotate: 0.000000,0.000000,-742762557604219390000000000000000000000000000000000000.000000
drawImplementation
-1.000000,	0.000000,	0.000000,	0.000000
0.000000,	0.000000,	1.000000,	0.000000
0.000000,	1.000000,	0.000000,	0.000000
0.000000,	0.000000,	-3.974028,	1.000000
rotate: 0.000000,0.000000,-742762557604219390000000000000000000000000000000000000.000000
drawImplementation
-1.000000,	0.000000,	0.000000,	0.000000
0.000000,	0.000000,	1.000000,	0.000000
0.000000,	1.000000,	0.000000,	0.000000
0.000000,	0.000000,	-3.974028,	1.000000
rotate: 0.000000,0.000000,-742762557604219390000000000000000000000000000000000000.000000
drawImplementation
-1.000000,	0.000000,	0.000000,	0.000000
0.000000,	0.000000,	1.000000,	0.000000
0.000000,	1.000000,	0.000000,	0.000000
0.000000,	0.000000,	-3.974028,	1.000000
rotate: 0.000000,0.000000,-742762557604219390000000000000000000000000000000000000.000000
drawImplementation
-1.000000,	0.000000,	0.000000,	0.000000
0.000000,	0.000000,	1.000000,	0.000000
0.000000,	1.000000,	0.000000,	0.000000
0.000000,	0.000000,	-3.974028,	1.000000
rotate: 0.000000,0.000000,-742762557604219390000000000000000000000000000000000000.000000
drawImplementation
-1.000000,	0.000000,	0.000000,	0.000000
0.000000,	0.000000,	1.000000,	0.000000
0.000000,	1.000000,	0.000000,	0.000000
0.000000,	0.000000,	-3.974028,	1.000000
rotate: 0.000000,0.000000,-742762557604219390000000000000000000000000000000000000.000000
drawImplementation
-1.000000,	0.000000,	0.000000,	0.000000
0.000000,	0.000000,	1.000000,	0.000000
0.000000,	1.000000,	0.000000,	0.000000
0.000000,	0.000000,	-3.974028,	1.000000
rotate: 0.000000,0.000000,-742762557604219390000000000000000000000000000000000000.000000
drawImplementation
-1.000000,	0.000000,	0.000000,	0.000000
0.000000,	0.000000,	1.000000,	0.000000
0.000000,	1.000000,	0.000000,	0.000000
0.000000,	0.000000,	-3.974028,	1.000000
rotate: 0.000000,0.000000,-742762557604219390000000000000000000000000000000000000.000000
drawImplementation
-1.000000,	0.000000,	0.000000,	0.000000
0.000000,	0.000000,	1.000000,	0.000000
0.000000,	1.000000,	0.000000,	0.000000
0.000000,	0.000000,	-3.974028,	1.000000
rotate: 0.000000,0.000000,-742762557604219390000000000000000000000000000000000000.000000
drawImplementation
-1.000000,	0.000000,	0.000000,	0.000000
0.000000,	0.000000,	1.000000,	0.000000
0.000000,	1.000000,	0.000000,	0.000000
0.000000,	0.000000,	-3.974028,	1.000000
rotate: 0.000000,0.000000,-742762557604219390000000000000000000000000000000000000.000000
drawImplementation
-1.000000,	0.000000,	0.000000,	0.000000
0.000000,	0.000000,	1.000000,	0.000000
0.000000,	1.000000,	0.000000,	0.000000
0.000000,	0.000000,	-3.974028,	1.000000
rotate: 0.000000,0.000000,-742762557604219390000000000000000000000000000000000000.000000
drawImplementation
-1.000000,	0.000000,	0.000000,	0.000000
0.000000,	0.000000,	1.000000,	0.000000
0.000000,	1.000000,	0.000000,	0.000000
0.000000,	0.000000,	-3.974028,	1.000000
rotate: 0.000000,0.000000,-742762557604219390000000000000000000000000000000000000.000000
drawImplementation
-1.000000,	0.000000,	0.000000,	0.000000
0.000000,	0.000000,	1.000000,	0.000000
0.000000,	1.000000,	0.000000,	0.000000
0.000000,	0.000000,	-3.974028,	1.000000
rotate: 0.000000,0.000000,-742762557604219390000000000000000000000000000000000000.000000
drawImplementation
-1.000000,	0.000000,	0.000000,	0.000000
0.000000,	0.000000,	1.000000,	0.000000
0.000000,	1.000000,	0.000000,	0.000000
0.000000,	0.000000,	-3.974028,	1.000000
rotate: 0.000000,0.000000,-742762557604219390000000000000000000000000000000000000.000000
drawImplementation
-1.000000,	0.000000,	0.000000,	0.000000
0.000000,	0.000000,	1.000000,	0.000000
0.000000,	1.000000,	0.000000,	0.000000
0.000000,	0.000000,	-3.974028,	1.000000
rotate: 0.000000,0.000000,-742762557604219390000000000000000000000000000000000000.000000
drawImplementation
-1.000000,	0.000000,	0.000000,	0.000000
0.000000,	0.000000,	1.000000,	0.000000
0.000000,	1.000000,	0.000000,	0.000000
0.000000,	0.000000,	-3.974028,	1.000000
rotate: 0.000000,0.000000,-742762557604219390000000000000000000000000000000000000.000000
drawImplementation
-1.000000,	0.000000,	0.000000,	0.000000
0.000000,	0.000000,	1.000000,	0.000000
0.000000,	1.000000,	0.000000,	0.000000
0.000000,	0.000000,	-3.974028,	1.000000
rotate: 0.000000,0.000000,-742762557604219390000000000000000000000000000000000000.000000
drawImplementation
-1.000000,	0.000000,	0.000000,	0.000000
0.000000,	0.000000,	1.000000,	0.000000
0.000000,	1.000000,	0.000000,	0.000000
0.000000,	0.000000,	-3.974028,	1.000000
rotate: 0.000000,0.000000,-742762557604219390000000000000000000000000000000000000.000000
drawImplementation
-1.000000,	0.000000,	0.000000,	0.000000
0.000000,	0.000000,	1.000000,	0.000000
0.000000,	1.000000,	0.000000,	0.000000
0.000000,	0.000000,	-3.974028,	1.000000
rotate: 0.000000,0.000000,-742762557604219390000000000000000000000000000000000000.000000
drawImplementation
-1.000000,	0.000000,	0.000000,	0.000000
0.000000,	0.000000,	1.000000,	0.000000
0.000000,	1.000000,	0.000000,	0.000000
0.000000,	0.000000,	-3.974028,	1.000000
rotate: 0.000000,0.000000,-742762557604219390000000000000000000000000000000000000.000000
drawImplementation
-1.000000,	0.000000,	0.000000,	0.000000
0.000000,	0.000000,	1.000000,	0.000000
0.000000,	1.000000,	0.000000,	0.000000
0.000000,	0.000000,	-3.974028,	1.000000
rotate: 0.000000,0.000000,-742762557604219390000000000000000000000000000000000000.000000
drawImplementation
-1.000000,	0.000000,	0.000000,	0.000000
0.000000,	0.000000,	1.000000,	0.000000
0.000000,	1.000000,	0.000000,	0.000000
0.000000,	0.000000,	-3.974028,	1.000000
rotate: 0.000000,0.000000,-742762557604219390000000000000000000000000000000000000.000000
drawImplementation
-1.000000,	0.000000,	0.000000,	0.000000
0.000000,	0.000000,	1.000000,	0.000000
0.000000,	1.000000,	0.000000,	0.000000
0.000000,	0.000000,	-3.974028,	1.000000
rotate: 0.000000,0.000000,-742762557604219390000000000000000000000000000000000000.000000
drawImplementation
-1.000000,	0.000000,	0.000000,	0.000000
0.000000,	0.000000,	1.000000,	0.000000
0.000000,	1.000000,	0.000000,	0.000000
0.000000,	0.000000,	-3.974028,	1.000000
rotate: 0.000000,0.000000,-742762557604219390000000000000000000000000000000000000.000000
drawImplementation
-1.000000,	0.000000,	0.000000,	0.000000
0.000000,	0.000000,	1.000000,	0.000000
0.000000,	1.000000,	0.000000,	0.000000
0.000000,	0.000000,	-3.974028,	1.000000
rotate: 0.000000,0.000000,-742762557604219390000000000000000000000000000000000000.000000
drawImplementation
-1.000000,	0.000000,	0.000000,	0.000000
0.000000,	0.000000,	1.000000,	0.000000
0.000000,	1.000000,	0.000000,	0.000000
0.000000,	0.000000,	-3.974028,	1.000000
rotate: 0.000000,0.000000,-742762557604219390000000000000000000000000000000000000.000000
drawImplementation
-1.000000,	0.000000,	0.000000,	0.000000
0.000000,	0.000000,	1.000000,	0.000000
0.000000,	1.000000,	0.000000,	0.000000
0.000000,	0.000000,	-3.974028,	1.000000
rotate: 0.000000,0.000000,-742762557604219390000000000000000000000000000000000000.000000
drawImplementation
-1.000000,	0.000000,	0.000000,	0.000000
0.000000,	0.000000,	1.000000,	0.000000
0.000000,	1.000000,	0.000000,	0.000000
0.000000,	0.000000,	-3.974028,	1.000000
rotate: 0.000000,0.000000,-742762557604219390000000000000000000000000000000000000.000000
drawImplementation
-1.000000,	0.000000,	0.000000,	0.000000
0.000000,	0.000000,	1.000000,	0.000000
0.000000,	1.000000,	0.000000,	0.000000
0.000000,	0.000000,	-3.974028,	1.000000
rotate: 0.000000,0.000000,-742762557604219390000000000000000000000000000000000000.000000
drawImplementation
-1.000000,	0.000000,	0.000000,	0.000000
0.000000,	0.000000,	1.000000,	0.000000
0.000000,	1.000000,	0.000000,	0.000000
0.000000,	0.000000,	-3.974028,	1.000000
rotate: 0.000000,0.000000,-742762557604219390000000000000000000000000000000000000.000000
rotate: 0.000000,0.000000,-742762557604219390000000000000000000000000000000000000.000000
drawImplementation
-1.000000,	0.000000,	0.000000,	0.000000
0.000000,	0.000000,	1.000000,	0.000000
0.000000,	1.000000,	0.000000,	0.000000
0.000000,	0.000000,	-3.974028,	1.000000
rotate: 0.000000,0.000000,-742762557604219390000000000000000000000000000000000000.000000
rotate: 0.000000,0.000000,-742762557604219390000000000000000000000000000000000000.000000
drawImplementation
-1.000000,	0.000000,	0.000000,	0.000000
0.000000,	0.000000,	1.000000,	0.000000
0.000000,	1.000000,	0.000000,	0.000000
0.000000,	0.000000,	-3.974028,	1.000000
rotate: 0.000000,0.000000,-742762557604219390000000000000000000000000000000000000.000000
rotate: 0.000000,0.000000,-742762557604219390000000000000000000000000000000000000.000000
rotate: -0.009177,0.000000,-742762557604219390000000000000000000000000000000000000.000000
drawImplementation
-0.999646,	-0.001255,	0.026559,	0.000000
0.026589,	-0.047171,	0.998533,	0.000000
0.000000,	0.998886,	0.047188,	0.000000
-0.105665,	0.187460,	-3.968198,	1.000000
rotate: -0.009177,0.000000,-742762557604219390000000000000000000000000000000000000.000000
rotate: -0.012438,0.000000,-742762557604219390000000000000000000000000000000000000.000000
drawImplementation
-0.999293,	-0.004686,	0.037301,	0.000000
0.037594,	-0.124565,	0.991499,	0.000000
-0.000000,	0.992200,	0.124654,	0.000000
-0.149401,	0.495027,	-3.940245,	1.000000
rotate: -0.012438,0.000000,-742762557604219390000000000000000000000000000000000000.000000
rotate: 0.028742,0.000000,-742762557604219390000000000000000000000000000000000000.000000
drawImplementation
-0.995248,	0.029654,	-0.092743,	0.000000
-0.097368,	-0.303107,	0.947969,	0.000000
0.000000,	0.952495,	0.304554,	0.000000
0.386944,	1.204557,	-3.767256,	1.000000
rotate: 0.028742,0.000000,-742762557604219390000000000000000000000000000000000000.000000
rotate: 0.060624,0.000000,-742762557604219390000000000000000000000000000000000000.000000
drawImplementation
-0.976779,	0.078610,	-0.199308,	0.000000
-0.214251,	-0.358387,	0.908656,	0.000000
-0.000000,	0.930258,	0.366907,	0.000000
0.851438,	1.424240,	-3.611024,	1.000000
rotate: 0.060624,0.000000,-742762557604219390000000000000000000000000000000000000.000000
rotate: 0.095450,0.000000,-742762557604219390000000000000000000000000000000000000.000000
drawImplementation
-0.939772,	0.134981,	-0.314019,	0.000000
-0.341801,	-0.371127,	0.863387,	0.000000
-0.000000,	0.918719,	0.394911,	0.000000
1.358327,	1.474868,	-3.431124,	1.000000
rotate: 0.095450,0.000000,-742762557604219390000000000000000000000000000000000000.000000
rotate: 0.133293,0.000000,-742762557604219390000000000000000000000000000000000000.000000
drawImplementation
-0.879032,	0.196668,	-0.434310,	0.000000
-0.476763,	-0.362607,	0.800758,	0.000000
-0.000000,	0.910954,	0.412507,	0.000000
1.894671,	1.441010,	-3.182234,	1.000000
rotate: 0.133293,0.000000,-742762557604219390000000000000000000000000000000000000.000000
rotate: 0.160596,0.000000,-742762557604219390000000000000000000000000000000000000.000000
drawImplementation
-0.824399,	0.233483,	-0.515608,	0.000000
-0.566009,	-0.340071,	0.750990,	0.000000
-0.000000,	0.910954,	0.412507,	0.000000
2.249335,	1.351450,	-2.984456,	1.000000
rotate: 0.160596,0.000000,-742762557604219390000000000000000000000000000000000000.000000
rotate: 0.177492,0.000000,-742762557604219390000000000000000000000000000000000000.000000
drawImplementation
-0.785507,	0.255281,	-0.563747,	0.000000
-0.618853,	-0.324027,	0.715561,	0.000000
-0.000000,	0.910954,	0.412507,	0.000000
2.459338,	1.287694,	-2.843660,	1.000000
rotate: 0.177492,0.000000,-742762557604219390000000000000000000000000000000000000.000000
rotate: 0.185869,0.000000,-742762557604219390000000000000000000000000000000000000.000000
drawImplementation
-0.764782,	0.265774,	-0.586918,	0.000000
-0.644289,	-0.315478,	0.696681,	0.000000
-0.000000,	0.910954,	0.412507,	0.000000
2.560424,	1.253718,	-2.768631,	1.000000
rotate: 0.185869,0.000000,-742762557604219390000000000000000000000000000000000000.000000
rotate: 0.185869,0.000000,-742762557604219390000000000000000000000000000000000000.000000
rotate: 0.185869,0.000000,-742762557604219390000000000000000000000000000000000000.000000
drawImplementation
-0.764782,	0.265774,	-0.586918,	0.000000
-0.644289,	-0.315478,	0.696681,	0.000000
-0.000000,	0.910954,	0.412507,	0.000000
2.560424,	1.253718,	-2.768631,	1.000000
rotate: 0.185869,0.000000,-742762557604219390000000000000000000000000000000000000.000000
rotate: 0.185869,0.000000,-742762557604219390000000000000000000000000000000000000.000000
drawImplementation
-0.764782,	0.265774,	-0.586918,	0.000000
-0.644289,	-0.315478,	0.696681,	0.000000
-0.000000,	0.910954,	0.412507,	0.000000
2.560424,	1.253718,	-2.768631,	1.000000
rotate: 0.185869,0.000000,-742762557604219390000000000000000000000000000000000000.000000
rotate: 0.185869,0.000000,-742762557604219390000000000000000000000000000000000000.000000
drawImplementation
-0.764782,	0.265774,	-0.586918,	0.000000
-0.644289,	-0.315478,	0.696681,	0.000000
-0.000000,	0.910954,	0.412507,	0.000000
2.560424,	1.253718,	-2.768631,	1.000000
rotate: 0.185869,0.000000,-742762557604219390000000000000000000000000000000000000.000000
rotate: 0.185869,0.000000,-742762557604219390000000000000000000000000000000000000.000000
drawImplementation
-0.764782,	0.265774,	-0.586918,	0.000000
-0.644289,	-0.315478,	0.696681,	0.000000
-0.000000,	0.910954,	0.412507,	0.000000
2.560424,	1.253718,	-2.768631,	1.000000
rotate: 0.185869,0.000000,-742762557604219390000000000000000000000000000000000000.000000
rotate: 0.185869,0.000000,-742762557604219390000000000000000000000000000000000000.000000
drawImplementation
-0.764782,	0.265774,	-0.586918,	0.000000
-0.644289,	-0.315478,	0.696681,	0.000000
-0.000000,	0.910954,	0.412507,	0.000000
2.560424,	1.253718,	-2.768631,	1.000000
rotate: 0.185869,0.000000,-742762557604219390000000000000000000000000000000000000.000000
rotate: 0.185869,0.000000,-742762557604219390000000000000000000000000000000000000.000000
drawImplementation
-0.764782,	0.265774,	-0.586918,	0.000000
-0.644289,	-0.315478,	0.696681,	0.000000
-0.000000,	0.910954,	0.412507,	0.000000
2.560424,	1.253718,	-2.768631,	1.000000
rotate: 0.185869,0.000000,-742762557604219390000000000000000000000000000000000000.000000
rotate: 0.185869,0.000000,-742762557604219390000000000000000000000000000000000000.000000
drawImplementation
-0.764782,	0.265774,	-0.586918,	0.000000
-0.644289,	-0.315478,	0.696681,	0.000000
-0.000000,	0.910954,	0.412507,	0.000000
2.560424,	1.253718,	-2.768631,	1.000000
rotate: 0.185869,0.000000,-742762557604219390000000000000000000000000000000000000.000000
rotate: 0.185869,0.000000,-742762557604219390000000000000000000000000000000000000.000000
drawImplementation
-0.764782,	0.265774,	-0.586918,	0.000000
-0.644289,	-0.315478,	0.696681,	0.000000
-0.000000,	0.910954,	0.412507,	0.000000
2.560424,	1.253718,	-2.768631,	1.000000
rotate: 0.185869,0.000000,-742762557604219390000000000000000000000000000000000000.000000
rotate: 0.185869,0.000000,-742762557604219390000000000000000000000000000000000000.000000
drawImplementation
-0.764782,	0.265774,	-0.586918,	0.000000
-0.644289,	-0.315478,	0.696681,	0.000000
-0.000000,	0.910954,	0.412507,	0.000000
2.560424,	1.253718,	-2.768631,	1.000000
rotate: 0.185869,0.000000,-742762557604219390000000000000000000000000000000000000.000000
drawImplementation
-0.764782,	0.265774,	-0.586918,	0.000000
-0.644289,	-0.315478,	0.696681,	0.000000
-0.000000,	0.910954,	0.412507,	0.000000
2.560424,	1.253718,	-2.768631,	1.000000
rotate: 0.185869,0.000000,-742762557604219390000000000000000000000000000000000000.000000
rotate: 0.214885,0.000000,-742762557604219390000000000000000000000000000000000000.000000
drawImplementation
-0.698607,	0.277022,	-0.659702,	0.000000
-0.715505,	-0.270479,	0.644122,	0.000000
0.000000,	0.922009,	0.387170,	0.000000
2.843439,	1.074893,	-2.559758,	1.000000
rotate: 0.214885,0.000000,-742762557604219390000000000000000000000000000000000000.000000
rotate: 0.266007,0.000000,-742762557604219390000000000000000000000000000000000000.000000
drawImplementation
-0.575347,	0.272756,	-0.771090,	0.000000
-0.817909,	-0.191867,	0.542413,	0.000000
0.000000,	0.942757,	0.333479,	0.000000
3.250394,	0.762483,	-2.155565,	1.000000
rotate: 0.266007,0.000000,-742762557604219390000000000000000000000000000000000000.000000
rotate: 0.304378,0.000000,-742762557604219390000000000000000000000000000000000000.000000
drawImplementation
-0.494032,	0.232642,	-0.837741,	0.000000
-0.869444,	-0.132191,	0.476018,	0.000000
0.000000,	0.963537,	0.267576,	0.000000
3.455194,	0.525330,	-1.891709,	1.000000
rotate: 0.304378,0.000000,-742762557604219390000000000000000000000000000000000000.000000
rotate: 0.341823,0.000000,-742762557604219390000000000000000000000000000000000000.000000
drawImplementation
-0.407476,	0.192888,	-0.892613,	0.000000
-0.913216,	-0.086066,	0.398282,	0.000000
0.000000,	0.977439,	0.211218,	0.000000
3.629147,	0.342030,	-1.582786,	1.000000
rotate: 0.341823,0.000000,-742762557604219390000000000000000000000000000000000000.000000
rotate: 0.371424,0.000000,-742762557604219390000000000000000000000000000000000000.000000
drawImplementation
-0.332595,	0.163323,	-0.928820,	0.000000
-0.943070,	-0.057599,	0.327570,	0.000000
0.000000,	0.984890,	0.173182,	0.000000
3.747786,	0.228902,	-1.301771,	1.000000
rotate: 0.371424,0.000000,-742762557604219390000000000000000000000000000000000000.000000
rotate: 0.411739,0.000000,-742762557604219390000000000000000000000000000000000000.000000
drawImplementation
-0.233090,	0.112593,	-0.965915,	0.000000
-0.972455,	-0.026988,	0.231522,	0.000000
-0.000000,	0.993275,	0.115782,	0.000000
3.864565,	0.107250,	-0.920075,	1.000000
rotate: 0.411739,0.000000,-742762557604219390000000000000000000000000000000000000.000000
rotate: 0.436432,0.000000,-742762557604219390000000000000000000000000000000000000.000000
drawImplementation
-0.164391,	0.087018,	-0.982549,	0.000000
-0.986395,	-0.014502,	0.163750,	0.000000
0.000000,	0.996101,	0.088218,	0.000000
3.919962,	0.057633,	-0.650749,	1.000000
rotate: 0.436432,0.000000,-742762557604219390000000000000000000000000000000000000.000000
rotate: 0.449514,0.000000,-742762557604219390000000000000000000000000000000000000.000000
drawImplementation
-0.131993,	0.068242,	-0.988899,	0.000000
-0.991251,	-0.009087,	0.131679,	0.000000
-0.000000,	0.997627,	0.068845,	0.000000
3.939258,	0.036112,	-0.523298,	1.000000
rotate: 0.449514,0.000000,-742762557604219390000000000000000000000000000000000000.000000
rotate: 0.454997,0.000000,-742762557604219390000000000000000000000000000000000000.000000
drawImplementation
-0.121151,	0.057331,	-0.990977,	0.000000
-0.992634,	-0.006997,	0.120949,	0.000000
-0.000000,	0.998331,	0.057757,	0.000000
3.944756,	0.027807,	-0.480653,	1.000000
rotate: 0.454997,0.000000,-742762557604219390000000000000000000000000000000000000.000000
rotate: 0.459816,0.000000,-742762557604219390000000000000000000000000000000000000.000000
drawImplementation
-0.110292,	0.049134,	-0.992684,	0.000000
-0.993899,	-0.005452,	0.110157,	0.000000
-0.000000,	0.998777,	0.049436,	0.000000
3.949784,	0.021668,	-0.437767,	1.000000
rotate: 0.459816,0.000000,-742762557604219390000000000000000000000000000000000000.000000
rotate: 0.459816,0.000000,-742762557604219390000000000000000000000000000000000000.000000
rotate: 0.459816,0.000000,-742762557604219390000000000000000000000000000000000000.000000
drawImplementation
-0.110292,	0.049134,	-0.992684,	0.000000
-0.993899,	-0.005452,	0.110157,	0.000000
-0.000000,	0.998777,	0.049436,	0.000000
3.949784,	0.021668,	-0.437767,	1.000000
rotate: 0.459816,0.000000,-742762557604219390000000000000000000000000000000000000.000000
drawImplementation
-0.110292,	0.049134,	-0.992684,	0.000000
-0.993899,	-0.005452,	0.110157,	0.000000
-0.000000,	0.998777,	0.049436,	0.000000
3.949784,	0.021668,	-0.437767,	1.000000
rotate: 0.459816,0.000000,-742762557604219390000000000000000000000000000000000000.000000
rotate: 0.459816,0.000000,-742762557604219390000000000000000000000000000000000000.000000
drawImplementation
-0.110292,	0.049134,	-0.992684,	0.000000
-0.993899,	-0.005452,	0.110157,	0.000000
-0.000000,	0.998777,	0.049436,	0.000000
3.949784,	0.021668,	-0.437767,	1.000000
rotate: 0.459816,0.000000,-742762557604219390000000000000000000000000000000000000.000000
rotate: 0.459816,0.000000,-742762557604219390000000000000000000000000000000000000.000000
drawImplementation
-0.110292,	0.049134,	-0.992684,	0.000000
-0.993899,	-0.005452,	0.110157,	0.000000
-0.000000,	0.998777,	0.049436,	0.000000
3.949784,	0.021668,	-0.437767,	1.000000
rotate: 0.459816,0.000000,-742762557604219390000000000000000000000000000000000000.000000
rotate: 0.459816,0.000000,-742762557604219390000000000000000000000000000000000000.000000
drawImplementation
-0.110292,	0.049134,	-0.992684,	0.000000
-0.993899,	-0.005452,	0.110157,	0.000000
-0.000000,	0.998777,	0.049436,	0.000000
3.949784,	0.021668,	-0.437767,	1.000000
rotate: 0.459816,0.000000,-742762557604219390000000000000000000000000000000000000.000000
rotate: 0.459816,0.000000,-742762557604219390000000000000000000000000000000000000.000000
drawImplementation
-0.110292,	0.049134,	-0.992684,	0.000000
-0.993899,	-0.005452,	0.110157,	0.000000
-0.000000,	0.998777,	0.049436,	0.000000
3.949784,	0.021668,	-0.437767,	1.000000
rotate: 0.459816,0.000000,-742762557604219390000000000000000000000000000000000000.000000
rotate: 0.459816,0.000000,-742762557604219390000000000000000000000000000000000000.000000
drawImplementation
-0.110292,	0.049134,	-0.992684,	0.000000
-0.993899,	-0.005452,	0.110157,	0.000000
-0.000000,	0.998777,	0.049436,	0.000000
3.949784,	0.021668,	-0.437767,	1.000000
rotate: 0.459816,0.000000,-742762557604219390000000000000000000000000000000000000.000000
rotate: 0.526768,0.000000,-742762557604219390000000000000000000000000000000000000.000000
drawImplementation
0.145023,	0.030317,	-0.988964,	0.000000
-0.989428,	0.004444,	-0.144954,	0.000000
0.000000,	0.999530,	0.030641,	0.000000
3.932016,	-0.017659,	0.576053,	1.000000
rotate: 0.526768,0.000000,-742762557604219390000000000000000000000000000000000000.000000
rotate: 0.597105,0.000000,-742762557604219390000000000000000000000000000000000000.000000
drawImplementation
0.416671,	-0.006074,	-0.909037,	0.000000
-0.909057,	-0.002784,	-0.416661,	0.000000
0.000000,	0.999978,	-0.006682,	0.000000
3.612620,	0.011065,	1.655825,	1.000000
rotate: 0.597105,0.000000,-742762557604219390000000000000000000000000000000000000.000000
rotate: 0.659077,0.000000,-742762557604219390000000000000000000000000000000000000.000000
drawImplementation
0.621790,	-0.055891,	-0.781187,	0.000000
-0.783184,	-0.044373,	-0.620205,	0.000000
0.000000,	0.997450,	-0.071364,	0.000000
3.112394,	0.176341,	2.464712,	1.000000
rotate: 0.659077,0.000000,-742762557604219390000000000000000000000000000000000000.000000
rotate: 0.671459,0.000000,-742762557604219390000000000000000000000000000000000000.000000
drawImplementation
0.683303,	-0.052105,	-0.728274,	0.000000
-0.730135,	-0.048763,	-0.681560,	0.000000
0.000000,	0.997450,	-0.071364,	0.000000
2.901578,	0.193786,	2.708540,	1.000000
rotate: 0.671459,0.000000,-742762557604219390000000000000000000000000000000000000.000000
rotate: 0.677669,0.000000,-742762557604219390000000000000000000000000000000000000.000000
drawImplementation
0.714582,	-0.049923,	-0.697768,	0.000000
-0.699552,	-0.050995,	-0.712760,	0.000000
0.000000,	0.997450,	-0.071364,	0.000000
2.780039,	0.202657,	2.832528,	1.000000
rotate: 0.677669,0.000000,-742762557604219390000000000000000000000000000000000000.000000
rotate: 0.678530,0.000000,-742762557604219390000000000000000000000000000000000000.000000
drawImplementation
0.718940,	-0.049603,	-0.693300,	0.000000
-0.695072,	-0.051306,	-0.717107,	0.000000
0.000000,	0.997450,	-0.071364,	0.000000
2.762237,	0.203893,	2.849803,	1.000000
rotate: 0.678530,0.000000,-742762557604219390000000000000000000000000000000000000.000000
rotate: 0.678530,0.000000,-742762557604219390000000000000000000000000000000000000.000000
rotate: 0.678530,0.000000,-742762557604219390000000000000000000000000000000000000.000000
drawImplementation
0.718940,	-0.049603,	-0.693300,	0.000000
-0.695072,	-0.051306,	-0.717107,	0.000000
0.000000,	0.997450,	-0.071364,	0.000000
2.762237,	0.203893,	2.849803,	1.000000
rotate: 0.678530,0.000000,-742762557604219390000000000000000000000000000000000000.000000
rotate: 0.678530,0.000000,-742762557604219390000000000000000000000000000000000000.000000
drawImplementation
0.718940,	-0.049603,	-0.693300,	0.000000
-0.695072,	-0.051306,	-0.717107,	0.000000
0.000000,	0.997450,	-0.071364,	0.000000
2.762237,	0.203893,	2.849803,	1.000000
rotate: 0.678530,0.000000,-742762557604219390000000000000000000000000000000000000.000000
rotate: 0.678530,0.000000,-742762557604219390000000000000000000000000000000000000.000000
drawImplementation
0.718940,	-0.049603,	-0.693300,	0.000000
-0.695072,	-0.051306,	-0.717107,	0.000000
0.000000,	0.997450,	-0.071364,	0.000000
2.762237,	0.203893,	2.849803,	1.000000
rotate: 0.678530,0.000000,-742762557604219390000000000000000000000000000000000000.000000
rotate: 0.678530,0.000000,-742762557604219390000000000000000000000000000000000000.000000
drawImplementation
0.718940,	-0.049603,	-0.693300,	0.000000
-0.695072,	-0.051306,	-0.717107,	0.000000
0.000000,	0.997450,	-0.071364,	0.000000
2.762237,	0.203893,	2.849803,	1.000000
rotate: 0.678530,0.000000,-742762557604219390000000000000000000000000000000000000.000000
rotate: 0.678530,0.000000,-742762557604219390000000000000000000000000000000000000.000000
drawImplementation
0.718940,	-0.049603,	-0.693300,	0.000000
-0.695072,	-0.051306,	-0.717107,	0.000000
0.000000,	0.997450,	-0.071364,	0.000000
2.762237,	0.203893,	2.849803,	1.000000
rotate: 0.678530,0.000000,-742762557604219390000000000000000000000000000000000000.000000
rotate: 0.678530,0.000000,-742762557604219390000000000000000000000000000000000000.000000
rotate: 0.678530,0.000000,-742762557604219390000000000000000000000000000000000000.000000
rotate: 0.679808,0.000000,-742762557604219390000000000000000000000000000000000000.000000
drawImplementation
0.725424,	-0.049120,	-0.686547,	0.000000
-0.688302,	-0.051769,	-0.723575,	0.000000
0.000000,	0.997450,	-0.071364,	0.000000
2.735332,	0.205732,	2.875506,	1.000000
rotate: 0.679808,0.000000,-742762557604219390000000000000000000000000000000000000.000000
rotate: 0.705955,0.000000,-742762557604219390000000000000000000000000000000000000.000000
drawImplementation
0.860704,	-0.036332,	-0.507808,	0.000000
-0.509106,	-0.061423,	-0.858509,	0.000000
0.000000,	0.997450,	-0.071364,	0.000000
2.023202,	0.244097,	3.411740,	1.000000
rotate: 0.705955,0.000000,-742762557604219390000000000000000000000000000000000000.000000
rotate: 0.709795,0.000000,-742762557604219390000000000000000000000000000000000000.000000
drawImplementation
0.964418,	-0.006840,	-0.264295,	0.000000
-0.264384,	-0.024950,	-0.964095,	0.000000
-0.000000,	0.999665,	-0.025871,	0.000000
1.050669,	0.099153,	3.831340,	1.000000
rotate: 0.709795,0.000000,-742762557604219390000000000000000000000000000000000000.000000
rotate: 0.702633,0.000000,-742762557604219390000000000000000000000000000000000000.000000
drawImplementation
0.983827,	0.000818,	-0.179120,	0.000000
-0.179122,	0.004491,	-0.983817,	0.000000
-0.000000,	0.999990,	0.004565,	0.000000
0.711835,	-0.017848,	3.909715,	1.000000
rotate: 0.702633,0.000000,-742762557604219390000000000000000000000000000000000000.000000
rotate: 0.701050,0.000000,-742762557604219390000000000000000000000000000000000000.000000
drawImplementation
0.991550,	0.001672,	-0.129713,	0.000000
-0.129723,	0.012779,	-0.991468,	0.000000
-0.000000,	0.999917,	0.012888,	0.000000
0.515525,	-0.050783,	3.940121,	1.000000
rotate: 0.701050,0.000000,-742762557604219390000000000000000000000000000000000000.000000
rotate: 0.697198,0.000000,-742762557604219390000000000000000000000000000000000000.000000
drawImplementation
0.992148,	0.003001,	-0.125037,	0.000000
-0.125073,	0.023808,	-0.991862,	0.000000
-0.000000,	0.999712,	0.023997,	0.000000
0.497045,	-0.094615,	3.941687,	1.000000
rotate: 0.697198,0.000000,-742762557604219390000000000000000000000000000000000000.000000
drawImplementation
0.992148,	0.003001,	-0.125037,	0.000000
-0.125073,	0.023808,	-0.991862,	0.000000
-0.000000,	0.999712,	0.023997,	0.000000
0.497045,	-0.094615,	3.941687,	1.000000
rotate: 0.697198,0.000000,-742762557604219390000000000000000000000000000000000000.000000
drawImplementation
0.992148,	0.003001,	-0.125037,	0.000000
-0.125073,	0.023808,	-0.991862,	0.000000
-0.000000,	0.999712,	0.023997,	0.000000
0.497045,	-0.094615,	3.941687,	1.000000
rotate: 0.697198,0.000000,-742762557604219390000000000000000000000000000000000000.000000
drawImplementation
0.992148,	0.003001,	-0.125037,	0.000000
-0.125073,	0.023808,	-0.991862,	0.000000
-0.000000,	0.999712,	0.023997,	0.000000
0.497045,	-0.094615,	3.941687,	1.000000
rotate: 0.697198,0.000000,-742762557604219390000000000000000000000000000000000000.000000
rotate: 0.697198,0.000000,-742762557604219390000000000000000000000000000000000000.000000
rotate: 0.697198,0.000000,-742762557604219390000000000000000000000000000000000000.000000
drawImplementation
0.992148,	0.003001,	-0.125037,	0.000000
-0.125073,	0.023808,	-0.991862,	0.000000
-0.000000,	0.999712,	0.023997,	0.000000
0.497045,	-0.094615,	3.941687,	1.000000
rotate: 0.697198,0.000000,-742762557604219390000000000000000000000000000000000000.000000
drawImplementation
0.992148,	0.003001,	-0.125037,	0.000000
-0.125073,	0.023808,	-0.991862,	0.000000
-0.000000,	0.999712,	0.023997,	0.000000
0.497045,	-0.094615,	3.941687,	1.000000
rotate: 0.697198,0.000000,-742762557604219390000000000000000000000000000000000000.000000
drawImplementation
0.992148,	0.003001,	-0.125037,	0.000000
-0.125073,	0.023808,	-0.991862,	0.000000
-0.000000,	0.999712,	0.023997,	0.000000
0.497045,	-0.094615,	3.941687,	1.000000
rotate: 0.697198,0.000000,-742762557604219390000000000000000000000000000000000000.000000
rotate: 0.697198,0.000000,-742762557604219390000000000000000000000000000000000000.000000
drawImplementation
0.992148,	0.003001,	-0.125037,	0.000000
-0.125073,	0.023808,	-0.991862,	0.000000
-0.000000,	0.999712,	0.023997,	0.000000
0.497045,	-0.094615,	3.941687,	1.000000
rotate: 0.697198,0.000000,-742762557604219390000000000000000000000000000000000000.000000
rotate: 0.697198,0.000000,-742762557604219390000000000000000000000000000000000000.000000
drawImplementation
0.992148,	0.003001,	-0.125037,	0.000000
-0.125073,	0.023808,	-0.991862,	0.000000
-0.000000,	0.999712,	0.023997,	0.000000
0.497045,	-0.094615,	3.941687,	1.000000
rotate: 0.697198,0.000000,-742762557604219390000000000000000000000000000000000000.000000
rotate: 0.697198,0.000000,-742762557604219390000000000000000000000000000000000000.000000
drawImplementation
0.992148,	0.003001,	-0.125037,	0.000000
-0.125073,	0.023808,	-0.991862,	0.000000
-0.000000,	0.999712,	0.023997,	0.000000
0.497045,	-0.094615,	3.941687,	1.000000
rotate: 0.697198,0.000000,-742762557604219390000000000000000000000000000000000000.000000
rotate: 0.697198,0.000000,-742762557604219390000000000000000000000000000000000000.000000
drawImplementation
0.992148,	0.003001,	-0.125037,	0.000000
-0.125073,	0.023808,	-0.991862,	0.000000
-0.000000,	0.999712,	0.023997,	0.000000
0.497045,	-0.094615,	3.941687,	1.000000
rotate: 0.697198,0.000000,-742762557604219390000000000000000000000000000000000000.000000
rotate: 0.697198,0.000000,-742762557604219390000000000000000000000000000000000000.000000
rotate: 0.694077,0.000000,-742762557604219390000000000000000000000000000000000000.000000
drawImplementation
0.991346,	0.004244,	-0.131205,	0.000000
-0.131273,	0.032047,	-0.990828,	0.000000
0.000000,	0.999477,	0.032327,	0.000000
0.521684,	-0.127355,	3.937579,	1.000000
rotate: 0.694077,0.000000,-742762557604219390000000000000000000000000000000000000.000000
rotate: 0.674522,0.000000,-742762557604219390000000000000000000000000000000000000.000000
drawImplementation
1.000000,	-0.000006,	0.000066,	0.000000
0.000066,	0.090040,	-0.995938,	0.000000
-0.000000,	0.995938,	0.090040,	0.000000
-0.000262,	-0.357822,	3.957886,	1.000000
rotate: 0.674522,0.000000,-742762557604219390000000000000000000000000000000000000.000000
