rotate: 0.000000,0.000000,0.000000
drawImplementation
-1.000000,	0.000000,	0.000000,	0.000000
0.000000,	0.000000,	1.000000,	0.000000
0.000000,	1.000000,	0.000000,	0.000000
0.000000,	0.000000,	-3.974028,	1.000000
rotate: 0.000000,0.000000,27095474657015967000000000000000000000000000000000000000000000000000000000000000000000000000000000000000000000000000000000000000000000000000000000000000000000000000000000000000000000000000000000000000000000000000000000000000000000000000000000000000000000000000000.000000
drawImplementation
-1.000000,	0.000000,	0.000000,	0.000000
0.000000,	0.000000,	1.000000,	0.000000
0.000000,	1.000000,	0.000000,	0.000000
0.000000,	0.000000,	-3.974028,	1.000000
rotate: 0.000000,0.000000,27095534717150597000000000000000000000000000000000000000000000000000000000000000000000000000000000000000000000000000000000000000000000000000000000000000000000000000000000000000000000000000000000000000000000000000000000000000000000000000000000000000000000000000000.000000
rotate: 0.000000,0.000000,27095534717150597000000000000000000000000000000000000000000000000000000000000000000000000000000000000000000000000000000000000000000000000000000000000000000000000000000000000000000000000000000000000000000000000000000000000000000000000000000000000000000000000000000.000000
rotate: 0.000000,0.000000,27095534717150597000000000000000000000000000000000000000000000000000000000000000000000000000000000000000000000000000000000000000000000000000000000000000000000000000000000000000000000000000000000000000000000000000000000000000000000000000000000000000000000000000000.000000
drawImplementation
-1.000000,	0.000000,	0.000000,	0.000000
0.000000,	0.000000,	1.000000,	0.000000
0.000000,	1.000000,	0.000000,	0.000000
0.000000,	0.000000,	-3.974028,	1.000000
rotate: 0.000000,0.000000,27095474657015967000000000000000000000000000000000000000000000000000000000000000000000000000000000000000000000000000000000000000000000000000000000000000000000000000000000000000000000000000000000000000000000000000000000000000000000000000000000000000000000000000000.000000
drawImplementation
-1.000000,	0.000000,	0.000000,	0.000000
0.000000,	0.000000,	1.000000,	0.000000
0.000000,	1.000000,	0.000000,	0.000000
0.000000,	0.000000,	-3.974028,	1.000000
rotate: 0.000000,0.000000,27095534717150597000000000000000000000000000000000000000000000000000000000000000000000000000000000000000000000000000000000000000000000000000000000000000000000000000000000000000000000000000000000000000000000000000000000000000000000000000000000000000000000000000000.000000
rotate: 0.000000,0.000000,27095534717150597000000000000000000000000000000000000000000000000000000000000000000000000000000000000000000000000000000000000000000000000000000000000000000000000000000000000000000000000000000000000000000000000000000000000000000000000000000000000000000000000000000.000000
rotate: 0.000000,0.000000,27095534717150597000000000000000000000000000000000000000000000000000000000000000000000000000000000000000000000000000000000000000000000000000000000000000000000000000000000000000000000000000000000000000000000000000000000000000000000000000000000000000000000000000000.000000
drawImplementation
-1.000000,	0.000000,	0.000000,	0.000000
0.000000,	0.000000,	1.000000,	0.000000
0.000000,	1.000000,	0.000000,	0.000000
0.000000,	0.000000,	-3.974028,	1.000000
rotate: 0.000000,0.000000,27095474657015967000000000000000000000000000000000000000000000000000000000000000000000000000000000000000000000000000000000000000000000000000000000000000000000000000000000000000000000000000000000000000000000000000000000000000000000000000000000000000000000000000000.000000
drawImplementation
-1.000000,	0.000000,	0.000000,	0.000000
0.000000,	0.000000,	1.000000,	0.000000
0.000000,	1.000000,	0.000000,	0.000000
0.000000,	0.000000,	-3.974028,	1.000000
rotate: 0.000000,0.000000,27095534717150597000000000000000000000000000000000000000000000000000000000000000000000000000000000000000000000000000000000000000000000000000000000000000000000000000000000000000000000000000000000000000000000000000000000000000000000000000000000000000000000000000000.000000
rotate: 0.000000,0.000000,27095534717150597000000000000000000000000000000000000000000000000000000000000000000000000000000000000000000000000000000000000000000000000000000000000000000000000000000000000000000000000000000000000000000000000000000000000000000000000000000000000000000000000000000.000000
rotate: 0.000000,0.000000,27095534717150597000000000000000000000000000000000000000000000000000000000000000000000000000000000000000000000000000000000000000000000000000000000000000000000000000000000000000000000000000000000000000000000000000000000000000000000000000000000000000000000000000000.000000
drawImplementation
-1.000000,	0.000000,	0.000000,	0.000000
0.000000,	0.000000,	1.000000,	0.000000
0.000000,	1.000000,	0.000000,	0.000000
0.000000,	0.000000,	-3.974028,	1.000000
rotate: 0.000000,0.000000,27095474657015967000000000000000000000000000000000000000000000000000000000000000000000000000000000000000000000000000000000000000000000000000000000000000000000000000000000000000000000000000000000000000000000000000000000000000000000000000000000000000000000000000000.000000
drawImplementation
-1.000000,	0.000000,	0.000000,	0.000000
0.000000,	0.000000,	1.000000,	0.000000
0.000000,	1.000000,	0.000000,	0.000000
0.000000,	0.000000,	-3.974028,	1.000000
rotate: 0.000000,0.000000,27095534717150597000000000000000000000000000000000000000000000000000000000000000000000000000000000000000000000000000000000000000000000000000000000000000000000000000000000000000000000000000000000000000000000000000000000000000000000000000000000000000000000000000000.000000
drawImplementation
-1.000000,	0.000000,	0.000000,	0.000000
0.000000,	0.000000,	1.000000,	0.000000
0.000000,	1.000000,	0.000000,	0.000000
0.000000,	0.000000,	-3.974028,	1.000000
rotate: 0.000000,0.000000,27095474657015967000000000000000000000000000000000000000000000000000000000000000000000000000000000000000000000000000000000000000000000000000000000000000000000000000000000000000000000000000000000000000000000000000000000000000000000000000000000000000000000000000000.000000
drawImplementation
-1.000000,	0.000000,	0.000000,	0.000000
0.000000,	0.000000,	1.000000,	0.000000
0.000000,	1.000000,	0.000000,	0.000000
0.000000,	0.000000,	-3.974028,	1.000000
rotate: 0.000000,0.000000,27095534717150597000000000000000000000000000000000000000000000000000000000000000000000000000000000000000000000000000000000000000000000000000000000000000000000000000000000000000000000000000000000000000000000000000000000000000000000000000000000000000000000000000000.000000
rotate: 0.000000,0.000000,27095534717150597000000000000000000000000000000000000000000000000000000000000000000000000000000000000000000000000000000000000000000000000000000000000000000000000000000000000000000000000000000000000000000000000000000000000000000000000000000000000000000000000000000.000000
rotate: 0.000000,0.000000,27095534717150597000000000000000000000000000000000000000000000000000000000000000000000000000000000000000000000000000000000000000000000000000000000000000000000000000000000000000000000000000000000000000000000000000000000000000000000000000000000000000000000000000000.000000
drawImplementation
-1.000000,	0.000000,	0.000000,	0.000000
0.000000,	0.000000,	1.000000,	0.000000
0.000000,	1.000000,	0.000000,	0.000000
0.000000,	0.000000,	-3.974028,	1.000000
rotate: 0.000000,0.000000,27095474657015967000000000000000000000000000000000000000000000000000000000000000000000000000000000000000000000000000000000000000000000000000000000000000000000000000000000000000000000000000000000000000000000000000000000000000000000000000000000000000000000000000000.000000
drawImplementation
-1.000000,	0.000000,	0.000000,	0.000000
0.000000,	0.000000,	1.000000,	0.000000
0.000000,	1.000000,	0.000000,	0.000000
0.000000,	0.000000,	-3.974028,	1.000000
rotate: 0.000000,0.000000,27095534717150597000000000000000000000000000000000000000000000000000000000000000000000000000000000000000000000000000000000000000000000000000000000000000000000000000000000000000000000000000000000000000000000000000000000000000000000000000000000000000000000000000000.000000
rotate: 0.000000,0.000000,27095534717150597000000000000000000000000000000000000000000000000000000000000000000000000000000000000000000000000000000000000000000000000000000000000000000000000000000000000000000000000000000000000000000000000000000000000000000000000000000000000000000000000000000.000000
rotate: 0.000000,0.000000,27095534717150597000000000000000000000000000000000000000000000000000000000000000000000000000000000000000000000000000000000000000000000000000000000000000000000000000000000000000000000000000000000000000000000000000000000000000000000000000000000000000000000000000000.000000
drawImplementation
-1.000000,	0.000000,	0.000000,	0.000000
0.000000,	0.000000,	1.000000,	0.000000
0.000000,	1.000000,	0.000000,	0.000000
0.000000,	0.000000,	-3.974028,	1.000000
rotate: 0.000000,0.000000,27095474657015967000000000000000000000000000000000000000000000000000000000000000000000000000000000000000000000000000000000000000000000000000000000000000000000000000000000000000000000000000000000000000000000000000000000000000000000000000000000000000000000000000000.000000
drawImplementation
-1.000000,	0.000000,	0.000000,	0.000000
0.000000,	0.000000,	1.000000,	0.000000
0.000000,	1.000000,	0.000000,	0.000000
0.000000,	0.000000,	-3.974028,	1.000000
rotate: 0.000000,0.000000,27095534717150597000000000000000000000000000000000000000000000000000000000000000000000000000000000000000000000000000000000000000000000000000000000000000000000000000000000000000000000000000000000000000000000000000000000000000000000000000000000000000000000000000000.000000
rotate: 0.000000,0.000000,27095534717150597000000000000000000000000000000000000000000000000000000000000000000000000000000000000000000000000000000000000000000000000000000000000000000000000000000000000000000000000000000000000000000000000000000000000000000000000000000000000000000000000000000.000000
rotate: 0.000000,0.000000,27095534717150597000000000000000000000000000000000000000000000000000000000000000000000000000000000000000000000000000000000000000000000000000000000000000000000000000000000000000000000000000000000000000000000000000000000000000000000000000000000000000000000000000000.000000
drawImplementation
-1.000000,	0.000000,	0.000000,	0.000000
0.000000,	0.000000,	1.000000,	0.000000
0.000000,	1.000000,	0.000000,	0.000000
0.000000,	0.000000,	-3.974028,	1.000000
rotate: 0.000000,0.000000,27095474657015967000000000000000000000000000000000000000000000000000000000000000000000000000000000000000000000000000000000000000000000000000000000000000000000000000000000000000000000000000000000000000000000000000000000000000000000000000000000000000000000000000000.000000
drawImplementation
-1.000000,	0.000000,	0.000000,	0.000000
0.000000,	0.000000,	1.000000,	0.000000
0.000000,	1.000000,	0.000000,	0.000000
0.000000,	0.000000,	-3.974028,	1.000000
rotate: 0.000000,0.000000,27095534717150597000000000000000000000000000000000000000000000000000000000000000000000000000000000000000000000000000000000000000000000000000000000000000000000000000000000000000000000000000000000000000000000000000000000000000000000000000000000000000000000000000000.000000
rotate: 0.000000,0.000000,27095534717150597000000000000000000000000000000000000000000000000000000000000000000000000000000000000000000000000000000000000000000000000000000000000000000000000000000000000000000000000000000000000000000000000000000000000000000000000000000000000000000000000000000.000000
rotate: 0.000000,0.000000,27095534717150597000000000000000000000000000000000000000000000000000000000000000000000000000000000000000000000000000000000000000000000000000000000000000000000000000000000000000000000000000000000000000000000000000000000000000000000000000000000000000000000000000000.000000
drawImplementation
-1.000000,	0.000000,	0.000000,	0.000000
0.000000,	0.000000,	1.000000,	0.000000
0.000000,	1.000000,	0.000000,	0.000000
0.000000,	0.000000,	-3.974028,	1.000000
rotate: 0.000000,0.000000,27095474657015967000000000000000000000000000000000000000000000000000000000000000000000000000000000000000000000000000000000000000000000000000000000000000000000000000000000000000000000000000000000000000000000000000000000000000000000000000000000000000000000000000000.000000
drawImplementation
-1.000000,	0.000000,	0.000000,	0.000000
0.000000,	0.000000,	1.000000,	0.000000
0.000000,	1.000000,	0.000000,	0.000000
0.000000,	0.000000,	-3.974028,	1.000000
rotate: 0.000000,0.000000,27095534717150597000000000000000000000000000000000000000000000000000000000000000000000000000000000000000000000000000000000000000000000000000000000000000000000000000000000000000000000000000000000000000000000000000000000000000000000000000000000000000000000000000000.000000
rotate: 0.000000,0.000000,27095534717150597000000000000000000000000000000000000000000000000000000000000000000000000000000000000000000000000000000000000000000000000000000000000000000000000000000000000000000000000000000000000000000000000000000000000000000000000000000000000000000000000000000.000000
drawImplementation
-1.000000,	0.000000,	0.000000,	0.000000
0.000000,	0.000000,	1.000000,	0.000000
0.000000,	1.000000,	0.000000,	0.000000
0.000000,	0.000000,	-3.974028,	1.000000
rotate: 0.000000,0.000000,27095474657015967000000000000000000000000000000000000000000000000000000000000000000000000000000000000000000000000000000000000000000000000000000000000000000000000000000000000000000000000000000000000000000000000000000000000000000000000000000000000000000000000000000.000000
drawImplementation
-1.000000,	0.000000,	0.000000,	0.000000
0.000000,	0.000000,	1.000000,	0.000000
0.000000,	1.000000,	0.000000,	0.000000
0.000000,	0.000000,	-3.974028,	1.000000
rotate: 0.000000,0.000000,27095534717150597000000000000000000000000000000000000000000000000000000000000000000000000000000000000000000000000000000000000000000000000000000000000000000000000000000000000000000000000000000000000000000000000000000000000000000000000000000000000000000000000000000.000000
rotate: 0.002210,0.000000,27095534717150597000000000000000000000000000000000000000000000000000000000000000000000000000000000000000000000000000000000000000000000000000000000000000000000000000000000000000000000000000000000000000000000000000000000000000000000000000000000000000000000000000000.000000
rotate: 0.009902,0.000000,27095534717150597000000000000000000000000000000000000000000000000000000000000000000000000000000000000000000000000000000000000000000000000000000000000000000000000000000000000000000000000000000000000000000000000000000000000000000000000000000000000000000000000000000.000000
drawImplementation
-0.999604,	0.000234,	-0.028121,	0.000000
-0.028122,	-0.008328,	0.999570,	0.000000
0.000000,	0.999965,	0.008331,	0.000000
0.111758,	0.033095,	-3.972319,	1.000000
rotate: 0.009902,0.000000,27095474657015967000000000000000000000000000000000000000000000000000000000000000000000000000000000000000000000000000000000000000000000000000000000000000000000000000000000000000000000000000000000000000000000000000000000000000000000000000000000000000000000000000000.000000
drawImplementation
-0.999604,	0.000234,	-0.028121,	0.000000
-0.028122,	-0.008328,	0.999570,	0.000000
0.000000,	0.999965,	0.008331,	0.000000
0.111758,	0.033095,	-3.972319,	1.000000
rotate: 0.009902,0.000000,27095534717150597000000000000000000000000000000000000000000000000000000000000000000000000000000000000000000000000000000000000000000000000000000000000000000000000000000000000000000000000000000000000000000000000000000000000000000000000000000000000000000000000000000.000000
rotate: 0.013618,0.000000,27095534717150597000000000000000000000000000000000000000000000000000000000000000000000000000000000000000000000000000000000000000000000000000000000000000000000000000000000000000000000000000000000000000000000000000000000000000000000000000000000000000000000000000000.000000
rotate: 0.022430,0.000000,27095534717150597000000000000000000000000000000000000000000000000000000000000000000000000000000000000000000000000000000000000000000000000000000000000000000000000000000000000000000000000000000000000000000000000000000000000000000000000000000000000000000000000000000.000000
drawImplementation
-0.997844,	0.004371,	-0.065486,	0.000000
-0.065631,	-0.066457,	0.995628,	0.000000
-0.000000,	0.997780,	0.066600,	0.000000
0.260820,	0.264101,	-3.956656,	1.000000
rotate: 0.022430,0.000000,27095474657015967000000000000000000000000000000000000000000000000000000000000000000000000000000000000000000000000000000000000000000000000000000000000000000000000000000000000000000000000000000000000000000000000000000000000000000000000000000000000000000000000000000.000000
drawImplementation
-0.997844,	0.004371,	-0.065486,	0.000000
-0.065631,	-0.066457,	0.995628,	0.000000
-0.000000,	0.997780,	0.066600,	0.000000
0.260820,	0.264101,	-3.956656,	1.000000
rotate: 0.022430,0.000000,27095534717150597000000000000000000000000000000000000000000000000000000000000000000000000000000000000000000000000000000000000000000000000000000000000000000000000000000000000000000000000000000000000000000000000000000000000000000000000000000000000000000000000000000.000000
rotate: 0.031572,0.000000,27095534717150597000000000000000000000000000000000000000000000000000000000000000000000000000000000000000000000000000000000000000000000000000000000000000000000000000000000000000000000000000000000000000000000000000000000000000000000000000000000000000000000000000000.000000
rotate: 0.041726,0.000000,27095534717150597000000000000000000000000000000000000000000000000000000000000000000000000000000000000000000000000000000000000000000000000000000000000000000000000000000000000000000000000000000000000000000000000000000000000000000000000000000000000000000000000000000.000000
drawImplementation
-0.991968,	0.016809,	-0.125364,	0.000000
-0.126486,	-0.131823,	0.983170,	0.000000
-0.000000,	0.991131,	0.132890,	0.000000
0.502657,	0.523868,	-3.907147,	1.000000
rotate: 0.041726,0.000000,27095474657015967000000000000000000000000000000000000000000000000000000000000000000000000000000000000000000000000000000000000000000000000000000000000000000000000000000000000000000000000000000000000000000000000000000000000000000000000000000000000000000000000000000.000000
drawImplementation
-0.991968,	0.016809,	-0.125364,	0.000000
-0.126486,	-0.131823,	0.983170,	0.000000
-0.000000,	0.991131,	0.132890,	0.000000
0.502657,	0.523868,	-3.907147,	1.000000
rotate: 0.041726,0.000000,27095534717150597000000000000000000000000000000000000000000000000000000000000000000000000000000000000000000000000000000000000000000000000000000000000000000000000000000000000000000000000000000000000000000000000000000000000000000000000000000000000000000000000000000.000000
rotate: 0.048083,0.000000,27095534717150597000000000000000000000000000000000000000000000000000000000000000000000000000000000000000000000000000000000000000000000000000000000000000000000000000000000000000000000000000000000000000000000000000000000000000000000000000000000000000000000000000000.000000
rotate: 0.056024,0.000000,27095534717150597000000000000000000000000000000000000000000000000000000000000000000000000000000000000000000000000000000000000000000000000000000000000000000000000000000000000000000000000000000000000000000000000000000000000000000000000000000000000000000000000000000.000000
drawImplementation
-0.984647,	0.031812,	-0.171632,	0.000000
-0.174555,	-0.179448,	0.968158,	0.000000
-0.000000,	0.983253,	0.182246,	0.000000
0.693686,	0.713132,	-3.847485,	1.000000
rotate: 0.056024,0.000000,27095474657015967000000000000000000000000000000000000000000000000000000000000000000000000000000000000000000000000000000000000000000000000000000000000000000000000000000000000000000000000000000000000000000000000000000000000000000000000000000000000000000000000000000.000000
drawImplementation
-0.984647,	0.031812,	-0.171632,	0.000000
-0.174555,	-0.179448,	0.968158,	0.000000
-0.000000,	0.983253,	0.182246,	0.000000
0.693686,	0.713132,	-3.847485,	1.000000
rotate: 0.056024,0.000000,27095534717150597000000000000000000000000000000000000000000000000000000000000000000000000000000000000000000000000000000000000000000000000000000000000000000000000000000000000000000000000000000000000000000000000000000000000000000000000000000000000000000000000000000.000000
rotate: 0.060493,0.000000,27095534717150597000000000000000000000000000000000000000000000000000000000000000000000000000000000000000000000000000000000000000000000000000000000000000000000000000000000000000000000000000000000000000000000000000000000000000000000000000000000000000000000000000000.000000
rotate: 0.061536,0.000000,27095534717150597000000000000000000000000000000000000000000000000000000000000000000000000000000000000000000000000000000000000000000000000000000000000000000000000000000000000000000000000000000000000000000000000000000000000000000000000000000000000000000000000000000.000000
drawImplementation
-0.980573,	0.043219,	-0.191335,	0.000000
-0.196156,	-0.216052,	0.956475,	0.000000
-0.000000,	0.975425,	0.220332,	0.000000
0.779528,	0.858595,	-3.801059,	1.000000
rotate: 0.061536,0.000000,27095474657015967000000000000000000000000000000000000000000000000000000000000000000000000000000000000000000000000000000000000000000000000000000000000000000000000000000000000000000000000000000000000000000000000000000000000000000000000000000000000000000000000000000.000000
drawImplementation
-0.980573,	0.043219,	-0.191335,	0.000000
-0.196156,	-0.216052,	0.956475,	0.000000
-0.000000,	0.975425,	0.220332,	0.000000
0.779528,	0.858595,	-3.801059,	1.000000
rotate: 0.061536,0.000000,27095534717150597000000000000000000000000000000000000000000000000000000000000000000000000000000000000000000000000000000000000000000000000000000000000000000000000000000000000000000000000000000000000000000000000000000000000000000000000000000000000000000000000000000.000000
rotate: 0.065740,0.000000,27095534717150597000000000000000000000000000000000000000000000000000000000000000000000000000000000000000000000000000000000000000000000000000000000000000000000000000000000000000000000000000000000000000000000000000000000000000000000000000000000000000000000000000000.000000
rotate: 0.069148,0.000000,27095534717150597000000000000000000000000000000000000000000000000000000000000000000000000000000000000000000000000000000000000000000000000000000000000000000000000000000000000000000000000000000000000000000000000000000000000000000000000000000000000000000000000000000.000000
drawImplementation
-0.973554,	0.063241,	-0.219531,	0.000000
-0.228458,	-0.269496,	0.935510,	0.000000
-0.000000,	0.960923,	0.276817,	0.000000
0.907900,	1.070986,	-3.717742,	1.000000
rotate: 0.069148,0.000000,27095474657015967000000000000000000000000000000000000000000000000000000000000000000000000000000000000000000000000000000000000000000000000000000000000000000000000000000000000000000000000000000000000000000000000000000000000000000000000000000000000000000000000000000.000000
drawImplementation
-0.973554,	0.063241,	-0.219531,	0.000000
-0.228458,	-0.269496,	0.935510,	0.000000
-0.000000,	0.960923,	0.276817,	0.000000
0.907900,	1.070986,	-3.717742,	1.000000
rotate: 0.069148,0.000000,27095534717150597000000000000000000000000000000000000000000000000000000000000000000000000000000000000000000000000000000000000000000000000000000000000000000000000000000000000000000000000000000000000000000000000000000000000000000000000000000000000000000000000000000.000000
rotate: 0.070567,0.000000,27095534717150597000000000000000000000000000000000000000000000000000000000000000000000000000000000000000000000000000000000000000000000000000000000000000000000000000000000000000000000000000000000000000000000000000000000000000000000000000000000000000000000000000000.000000
rotate: 0.073581,0.000000,27095534717150597000000000000000000000000000000000000000000000000000000000000000000000000000000000000000000000000000000000000000000000000000000000000000000000000000000000000000000000000000000000000000000000000000000000000000000000000000000000000000000000000000000.000000
drawImplementation
-0.966650,	0.089799,	-0.239843,	0.000000
-0.256103,	-0.338942,	0.905279,	0.000000
0.000000,	0.936512,	0.350636,	0.000000
1.017760,	1.346965,	-3.597604,	1.000000
rotate: 0.073581,0.000000,27095474657015967000000000000000000000000000000000000000000000000000000000000000000000000000000000000000000000000000000000000000000000000000000000000000000000000000000000000000000000000000000000000000000000000000000000000000000000000000000000000000000000000000000.000000
drawImplementation
-0.966650,	0.089799,	-0.239843,	0.000000
-0.256103,	-0.338942,	0.905279,	0.000000
0.000000,	0.936512,	0.350636,	0.000000
1.017760,	1.346965,	-3.597604,	1.000000
rotate: 0.073581,0.000000,27095534717150597000000000000000000000000000000000000000000000000000000000000000000000000000000000000000000000000000000000000000000000000000000000000000000000000000000000000000000000000000000000000000000000000000000000000000000000000000000000000000000000000000000.000000
rotate: 0.073861,0.000000,27095534717150597000000000000000000000000000000000000000000000000000000000000000000000000000000000000000000000000000000000000000000000000000000000000000000000000000000000000000000000000000000000000000000000000000000000000000000000000000000000000000000000000000000.000000
rotate: 0.075142,0.000000,27095534717150597000000000000000000000000000000000000000000000000000000000000000000000000000000000000000000000000000000000000000000000000000000000000000000000000000000000000000000000000000000000000000000000000000000000000000000000000000000000000000000000000000000.000000
drawImplementation
-0.963776,	0.100421,	-0.247087,	0.000000
-0.266714,	-0.362872,	0.892854,	0.000000
0.000000,	0.926412,	0.376511,	0.000000
1.059929,	1.442064,	-3.548225,	1.000000
rotate: 0.075142,0.000000,27095474657015967000000000000000000000000000000000000000000000000000000000000000000000000000000000000000000000000000000000000000000000000000000000000000000000000000000000000000000000000000000000000000000000000000000000000000000000000000000000000000000000000000000.000000
drawImplementation
-0.963776,	0.100421,	-0.247087,	0.000000
-0.266714,	-0.362872,	0.892854,	0.000000
0.000000,	0.926412,	0.376511,	0.000000
1.059929,	1.442064,	-3.548225,	1.000000
rotate: 0.075142,0.000000,27095534717150597000000000000000000000000000000000000000000000000000000000000000000000000000000000000000000000000000000000000000000000000000000000000000000000000000000000000000000000000000000000000000000000000000000000000000000000000000000000000000000000000000000.000000
rotate: 0.078825,0.000000,27095534717150597000000000000000000000000000000000000000000000000000000000000000000000000000000000000000000000000000000000000000000000000000000000000000000000000000000000000000000000000000000000000000000000000000000000000000000000000000000000000000000000000000000.000000
rotate: 0.094946,0.000000,27095534717150597000000000000000000000000000000000000000000000000000000000000000000000000000000000000000000000000000000000000000000000000000000000000000000000000000000000000000000000000000000000000000000000000000000000000000000000000000000000000000000000000000000.000000
drawImplementation
-0.940454,	0.134077,	-0.312360,	0.000000
-0.339920,	-0.370950,	0.864205,	0.000000
0.000000,	0.918923,	0.394437,	0.000000
1.350852,	1.474165,	-3.434376,	1.000000
rotate: 0.094946,0.000000,27095474657015967000000000000000000000000000000000000000000000000000000000000000000000000000000000000000000000000000000000000000000000000000000000000000000000000000000000000000000000000000000000000000000000000000000000000000000000000000000000000000000000000000000.000000
drawImplementation
-0.940454,	0.134077,	-0.312360,	0.000000
-0.339920,	-0.370950,	0.864205,	0.000000
0.000000,	0.918923,	0.394437,	0.000000
1.350852,	1.474165,	-3.434376,	1.000000
rotate: 0.094946,0.000000,27095534717150597000000000000000000000000000000000000000000000000000000000000000000000000000000000000000000000000000000000000000000000000000000000000000000000000000000000000000000000000000000000000000000000000000000000000000000000000000000000000000000000000000000.000000
rotate: 0.116880,0.000000,27095534717150597000000000000000000000000000000000000000000000000000000000000000000000000000000000000000000000000000000000000000000000000000000000000000000000000000000000000000000000000000000000000000000000000000000000000000000000000000000000000000000000000000000.000000
rotate: 0.140797,0.000000,27095534717150597000000000000000000000000000000000000000000000000000000000000000000000000000000000000000000000000000000000000000000000000000000000000000000000000000000000000000000000000000000000000000000000000000000000000000000000000000000000000000000000000000000.000000
drawImplementation
-0.875887,	0.174237,	-0.449959,	0.000000
-0.482516,	-0.316283,	0.816788,	0.000000
-0.000000,	0.932527,	0.361101,	0.000000
1.917534,	1.256919,	-3.245939,	1.000000
rotate: 0.140797,0.000000,27095474657015967000000000000000000000000000000000000000000000000000000000000000000000000000000000000000000000000000000000000000000000000000000000000000000000000000000000000000000000000000000000000000000000000000000000000000000000000000000000000000000000000000000.000000
drawImplementation
-0.875887,	0.174237,	-0.449959,	0.000000
-0.482516,	-0.316283,	0.816788,	0.000000
-0.000000,	0.932527,	0.361101,	0.000000
1.917534,	1.256919,	-3.245939,	1.000000
rotate: 0.140797,0.000000,27095534717150597000000000000000000000000000000000000000000000000000000000000000000000000000000000000000000000000000000000000000000000000000000000000000000000000000000000000000000000000000000000000000000000000000000000000000000000000000000000000000000000000000000.000000
rotate: 0.159878,0.000000,27095534717150597000000000000000000000000000000000000000000000000000000000000000000000000000000000000000000000000000000000000000000000000000000000000000000000000000000000000000000000000000000000000000000000000000000000000000000000000000000000000000000000000000000.000000
rotate: 0.178311,0.000000,27095534717150597000000000000000000000000000000000000000000000000000000000000000000000000000000000000000000000000000000000000000000000000000000000000000000000000000000000000000000000000000000000000000000000000000000000000000000000000000000000000000000000000000000.000000
drawImplementation
-0.821465,	0.164037,	-0.546157,	0.000000
-0.570259,	-0.236297,	0.786746,	0.000000
-0.000000,	0.957735,	0.287653,	0.000000
2.266224,	0.939051,	-3.126550,	1.000000
rotate: 0.178311,0.000000,27095474657015967000000000000000000000000000000000000000000000000000000000000000000000000000000000000000000000000000000000000000000000000000000000000000000000000000000000000000000000000000000000000000000000000000000000000000000000000000000000000000000000000000000.000000
drawImplementation
-0.821465,	0.164037,	-0.546157,	0.000000
-0.570259,	-0.236297,	0.786746,	0.000000
-0.000000,	0.957735,	0.287653,	0.000000
2.266224,	0.939051,	-3.126550,	1.000000
rotate: 0.178311,0.000000,27095534717150597000000000000000000000000000000000000000000000000000000000000000000000000000000000000000000000000000000000000000000000000000000000000000000000000000000000000000000000000000000000000000000000000000000000000000000000000000000000000000000000000000000.000000
rotate: 0.185109,0.000000,27095534717150597000000000000000000000000000000000000000000000000000000000000000000000000000000000000000000000000000000000000000000000000000000000000000000000000000000000000000000000000000000000000000000000000000000000000000000000000000000000000000000000000000000.000000
rotate: 0.193802,0.000000,27095534717150597000000000000000000000000000000000000000000000000000000000000000000000000000000000000000000000000000000000000000000000000000000000000000000000000000000000000000000000000000000000000000000000000000000000000000000000000000000000000000000000000000000.000000
drawImplementation
-0.799629,	0.150248,	-0.581394,	0.000000
-0.600494,	-0.200072,	0.774195,	0.000000
-0.000000,	0.968192,	0.250207,	0.000000
2.386380,	0.795094,	-3.076673,	1.000000
rotate: 0.193802,0.000000,27095474657015967000000000000000000000000000000000000000000000000000000000000000000000000000000000000000000000000000000000000000000000000000000000000000000000000000000000000000000000000000000000000000000000000000000000000000000000000000000000000000000000000000000.000000
drawImplementation
-0.799629,	0.150248,	-0.581394,	0.000000
-0.600494,	-0.200072,	0.774195,	0.000000
-0.000000,	0.968192,	0.250207,	0.000000
2.386380,	0.795094,	-3.076673,	1.000000
rotate: 0.193802,0.000000,27095534717150597000000000000000000000000000000000000000000000000000000000000000000000000000000000000000000000000000000000000000000000000000000000000000000000000000000000000000000000000000000000000000000000000000000000000000000000000000000000000000000000000000000.000000
rotate: 0.198376,0.000000,27095534717150597000000000000000000000000000000000000000000000000000000000000000000000000000000000000000000000000000000000000000000000000000000000000000000000000000000000000000000000000000000000000000000000000000000000000000000000000000000000000000000000000000000.000000
drawImplementation
-0.793032,	0.145858,	-0.591460,	0.000000
-0.609180,	-0.189879,	0.769965,	0.000000
-0.000000,	0.970913,	0.239434,	0.000000
2.420897,	0.754585,	-3.059863,	1.000000
rotate: 0.198376,0.000000,27095474657015967000000000000000000000000000000000000000000000000000000000000000000000000000000000000000000000000000000000000000000000000000000000000000000000000000000000000000000000000000000000000000000000000000000000000000000000000000000000000000000000000000000.000000
drawImplementation
-0.793032,	0.145858,	-0.591460,	0.000000
-0.609180,	-0.189879,	0.769965,	0.000000
-0.000000,	0.970913,	0.239434,	0.000000
2.420897,	0.754585,	-3.059863,	1.000000
rotate: 0.198376,0.000000,27095534717150597000000000000000000000000000000000000000000000000000000000000000000000000000000000000000000000000000000000000000000000000000000000000000000000000000000000000000000000000000000000000000000000000000000000000000000000000000000000000000000000000000000.000000
drawImplementation
-0.793032,	0.145858,	-0.591460,	0.000000
-0.609180,	-0.189879,	0.769965,	0.000000
-0.000000,	0.970913,	0.239434,	0.000000
2.420897,	0.754585,	-3.059863,	1.000000
rotate: 0.198376,0.000000,27095474657015967000000000000000000000000000000000000000000000000000000000000000000000000000000000000000000000000000000000000000000000000000000000000000000000000000000000000000000000000000000000000000000000000000000000000000000000000000000000000000000000000000000.000000
drawImplementation
-0.793032,	0.145858,	-0.591460,	0.000000
-0.609180,	-0.189879,	0.769965,	0.000000
-0.000000,	0.970913,	0.239434,	0.000000
2.420897,	0.754585,	-3.059863,	1.000000
rotate: 0.198376,0.000000,27095534717150597000000000000000000000000000000000000000000000000000000000000000000000000000000000000000000000000000000000000000000000000000000000000000000000000000000000000000000000000000000000000000000000000000000000000000000000000000000000000000000000000000000.000000
drawImplementation
-0.793032,	0.145858,	-0.591460,	0.000000
-0.609180,	-0.189879,	0.769965,	0.000000
-0.000000,	0.970913,	0.239434,	0.000000
2.420897,	0.754585,	-3.059863,	1.000000
rotate: 0.198376,0.000000,27095474657015967000000000000000000000000000000000000000000000000000000000000000000000000000000000000000000000000000000000000000000000000000000000000000000000000000000000000000000000000000000000000000000000000000000000000000000000000000000000000000000000000000000.000000
drawImplementation
-0.793032,	0.145858,	-0.591460,	0.000000
-0.609180,	-0.189879,	0.769965,	0.000000
-0.000000,	0.970913,	0.239434,	0.000000
2.420897,	0.754585,	-3.059863,	1.000000
rotate: 0.198376,0.000000,27095534717150597000000000000000000000000000000000000000000000000000000000000000000000000000000000000000000000000000000000000000000000000000000000000000000000000000000000000000000000000000000000000000000000000000000000000000000000000000000000000000000000000000000.000000
rotate: 0.202630,0.000000,27095534717150597000000000000000000000000000000000000000000000000000000000000000000000000000000000000000000000000000000000000000000000000000000000000000000000000000000000000000000000000000000000000000000000000000000000000000000000000000000000000000000000000000000.000000
rotate: 0.211614,0.000000,27095534717150597000000000000000000000000000000000000000000000000000000000000000000000000000000000000000000000000000000000000000000000000000000000000000000000000000000000000000000000000000000000000000000000000000000000000000000000000000000000000000000000000000000.000000
drawImplementation
-0.775675,	0.127179,	-0.618186,	0.000000
-0.631133,	-0.156306,	0.759763,	0.000000
-0.000000,	0.979486,	0.201510,	0.000000
2.508139,	0.621165,	-3.019320,	1.000000
rotate: 0.211614,0.000000,27095474657015967000000000000000000000000000000000000000000000000000000000000000000000000000000000000000000000000000000000000000000000000000000000000000000000000000000000000000000000000000000000000000000000000000000000000000000000000000000000000000000000000000000.000000
drawImplementation
-0.775675,	0.127179,	-0.618186,	0.000000
-0.631133,	-0.156306,	0.759763,	0.000000
-0.000000,	0.979486,	0.201510,	0.000000
2.508139,	0.621165,	-3.019320,	1.000000
rotate: 0.211614,0.000000,27095534717150597000000000000000000000000000000000000000000000000000000000000000000000000000000000000000000000000000000000000000000000000000000000000000000000000000000000000000000000000000000000000000000000000000000000000000000000000000000000000000000000000000000.000000
rotate: 0.224310,0.000000,27095534717150597000000000000000000000000000000000000000000000000000000000000000000000000000000000000000000000000000000000000000000000000000000000000000000000000000000000000000000000000000000000000000000000000000000000000000000000000000000000000000000000000000000.000000
rotate: 0.237601,0.000000,27095534717150597000000000000000000000000000000000000000000000000000000000000000000000000000000000000000000000000000000000000000000000000000000000000000000000000000000000000000000000000000000000000000000000000000000000000000000000000000000000000000000000000000000.000000
drawImplementation
-0.747549,	0.070076,	-0.660500,	0.000000
-0.664207,	-0.078869,	0.743377,	0.000000
-0.000000,	0.994419,	0.105503,	0.000000
2.639577,	0.313427,	-2.954200,	1.000000
rotate: 0.237601,0.000000,27095474657015967000000000000000000000000000000000000000000000000000000000000000000000000000000000000000000000000000000000000000000000000000000000000000000000000000000000000000000000000000000000000000000000000000000000000000000000000000000000000000000000000000000.000000
drawImplementation
-0.747549,	0.070076,	-0.660500,	0.000000
-0.664207,	-0.078869,	0.743377,	0.000000
-0.000000,	0.994419,	0.105503,	0.000000
2.639577,	0.313427,	-2.954200,	1.000000
rotate: 0.237601,0.000000,27095534717150597000000000000000000000000000000000000000000000000000000000000000000000000000000000000000000000000000000000000000000000000000000000000000000000000000000000000000000000000000000000000000000000000000000000000000000000000000000000000000000000000000000.000000
rotate: 0.240169,0.000000,27095534717150597000000000000000000000000000000000000000000000000000000000000000000000000000000000000000000000000000000000000000000000000000000000000000000000000000000000000000000000000000000000000000000000000000000000000000000000000000000000000000000000000000000.000000
drawImplementation
-0.744430,	0.064909,	-0.664538,	0.000000
-0.667701,	-0.072368,	0.740904,	0.000000
-0.000000,	0.995264,	0.097213,	0.000000
2.653462,	0.287594,	-2.944373,	1.000000
rotate: 0.240169,0.000000,27095474657015967000000000000000000000000000000000000000000000000000000000000000000000000000000000000000000000000000000000000000000000000000000000000000000000000000000000000000000000000000000000000000000000000000000000000000000000000000000000000000000000000000000.000000
drawImplementation
-0.744430,	0.064909,	-0.664538,	0.000000
-0.667701,	-0.072368,	0.740904,	0.000000
-0.000000,	0.995264,	0.097213,	0.000000
2.653462,	0.287594,	-2.944373,	1.000000
