rotate: 0.000000,0.000000,-18854494340481292000000000000000000000000000000000000000000000000000000000000000000000000000000000000000000000000.000000
drawImplementation
-1.000000,	0.000000,	0.000000,	0.000000
0.000000,	0.000000,	1.000000,	0.000000
0.000000,	1.000000,	0.000000,	0.000000
0.000000,	0.000000,	-3.974028,	1.000000
rotate: 0.000000,0.000000,-18854494340481292000000000000000000000000000000000000000000000000000000000000000000000000000000000000000000000000.000000
drawImplementation
-1.000000,	0.000000,	0.000000,	0.000000
0.000000,	0.000000,	1.000000,	0.000000
0.000000,	1.000000,	0.000000,	0.000000
0.000000,	0.000000,	-3.974028,	1.000000
rotate: 0.000000,0.000000,-18854494340481292000000000000000000000000000000000000000000000000000000000000000000000000000000000000000000000000.000000
drawImplementation
-1.000000,	0.000000,	0.000000,	0.000000
0.000000,	0.000000,	1.000000,	0.000000
0.000000,	1.000000,	0.000000,	0.000000
0.000000,	0.000000,	-3.974028,	1.000000
rotate: 0.000000,0.000000,-18854494340481292000000000000000000000000000000000000000000000000000000000000000000000000000000000000000000000000.000000
drawImplementation
-1.000000,	0.000000,	0.000000,	0.000000
0.000000,	0.000000,	1.000000,	0.000000
0.000000,	1.000000,	0.000000,	0.000000
0.000000,	0.000000,	-3.974028,	1.000000
rotate: 0.000000,0.000000,-18854494340481292000000000000000000000000000000000000000000000000000000000000000000000000000000000000000000000000.000000
drawImplementation
-1.000000,	0.000000,	0.000000,	0.000000
0.000000,	0.000000,	1.000000,	0.000000
0.000000,	1.000000,	0.000000,	0.000000
0.000000,	0.000000,	-3.974028,	1.000000
rotate: 0.000000,0.000000,-18854494340481292000000000000000000000000000000000000000000000000000000000000000000000000000000000000000000000000.000000
drawImplementation
-1.000000,	0.000000,	0.000000,	0.000000
0.000000,	0.000000,	1.000000,	0.000000
0.000000,	1.000000,	0.000000,	0.000000
0.000000,	0.000000,	-3.974028,	1.000000
rotate: 0.000000,0.000000,-18854494340481292000000000000000000000000000000000000000000000000000000000000000000000000000000000000000000000000.000000
drawImplementation
-1.000000,	0.000000,	0.000000,	0.000000
0.000000,	0.000000,	1.000000,	0.000000
0.000000,	1.000000,	0.000000,	0.000000
0.000000,	0.000000,	-3.974028,	1.000000
rotate: 0.000000,0.000000,-18854494340481292000000000000000000000000000000000000000000000000000000000000000000000000000000000000000000000000.000000
drawImplementation
-1.000000,	0.000000,	0.000000,	0.000000
0.000000,	0.000000,	1.000000,	0.000000
0.000000,	1.000000,	0.000000,	0.000000
0.000000,	0.000000,	-3.974028,	1.000000
rotate: 0.000000,0.000000,-18854494340481292000000000000000000000000000000000000000000000000000000000000000000000000000000000000000000000000.000000
drawImplementation
-1.000000,	0.000000,	0.000000,	0.000000
0.000000,	0.000000,	1.000000,	0.000000
0.000000,	1.000000,	0.000000,	0.000000
0.000000,	0.000000,	-3.974028,	1.000000
rotate: 0.000000,0.000000,-18854494340481292000000000000000000000000000000000000000000000000000000000000000000000000000000000000000000000000.000000
drawImplementation
-1.000000,	0.000000,	0.000000,	0.000000
0.000000,	0.000000,	1.000000,	0.000000
0.000000,	1.000000,	0.000000,	0.000000
0.000000,	0.000000,	-3.974028,	1.000000
rotate: 0.000000,0.000000,-18854494340481292000000000000000000000000000000000000000000000000000000000000000000000000000000000000000000000000.000000
drawImplementation
-1.000000,	0.000000,	0.000000,	0.000000
0.000000,	0.000000,	1.000000,	0.000000
0.000000,	1.000000,	0.000000,	0.000000
0.000000,	0.000000,	-3.974028,	1.000000
rotate: 0.000000,0.000000,-18854494340481292000000000000000000000000000000000000000000000000000000000000000000000000000000000000000000000000.000000
drawImplementation
-1.000000,	0.000000,	0.000000,	0.000000
0.000000,	0.000000,	1.000000,	0.000000
0.000000,	1.000000,	0.000000,	0.000000
0.000000,	0.000000,	-3.974028,	1.000000
rotate: 0.000000,0.000000,-18854494340481292000000000000000000000000000000000000000000000000000000000000000000000000000000000000000000000000.000000
drawImplementation
-1.000000,	0.000000,	0.000000,	0.000000
0.000000,	0.000000,	1.000000,	0.000000
0.000000,	1.000000,	0.000000,	0.000000
0.000000,	0.000000,	-3.974028,	1.000000
rotate: 0.000000,0.000000,-18854494340481292000000000000000000000000000000000000000000000000000000000000000000000000000000000000000000000000.000000
drawImplementation
-1.000000,	0.000000,	0.000000,	0.000000
0.000000,	0.000000,	1.000000,	0.000000
0.000000,	1.000000,	0.000000,	0.000000
0.000000,	0.000000,	-3.974028,	1.000000
rotate: 0.000000,0.000000,-18854494340481292000000000000000000000000000000000000000000000000000000000000000000000000000000000000000000000000.000000
drawImplementation
-1.000000,	0.000000,	0.000000,	0.000000
0.000000,	0.000000,	1.000000,	0.000000
0.000000,	1.000000,	0.000000,	0.000000
0.000000,	0.000000,	-3.974028,	1.000000
rotate: 0.000000,0.000000,-18854494340481292000000000000000000000000000000000000000000000000000000000000000000000000000000000000000000000000.000000
drawImplementation
-1.000000,	0.000000,	0.000000,	0.000000
0.000000,	0.000000,	1.000000,	0.000000
0.000000,	1.000000,	0.000000,	0.000000
0.000000,	0.000000,	-3.974028,	1.000000
rotate: 0.000000,0.000000,-18854494340481292000000000000000000000000000000000000000000000000000000000000000000000000000000000000000000000000.000000
drawImplementation
-1.000000,	0.000000,	0.000000,	0.000000
0.000000,	0.000000,	1.000000,	0.000000
0.000000,	1.000000,	0.000000,	0.000000
0.000000,	0.000000,	-3.974028,	1.000000
rotate: 0.000000,0.000000,-18854494340481292000000000000000000000000000000000000000000000000000000000000000000000000000000000000000000000000.000000
drawImplementation
-1.000000,	0.000000,	0.000000,	0.000000
0.000000,	0.000000,	1.000000,	0.000000
0.000000,	1.000000,	0.000000,	0.000000
0.000000,	0.000000,	-3.974028,	1.000000
rotate: 0.000000,0.000000,-18854494340481292000000000000000000000000000000000000000000000000000000000000000000000000000000000000000000000000.000000
drawImplementation
-1.000000,	0.000000,	0.000000,	0.000000
0.000000,	0.000000,	1.000000,	0.000000
0.000000,	1.000000,	0.000000,	0.000000
0.000000,	0.000000,	-3.974028,	1.000000
rotate: 0.000000,0.000000,-18854494340481292000000000000000000000000000000000000000000000000000000000000000000000000000000000000000000000000.000000
drawImplementation
-1.000000,	0.000000,	0.000000,	0.000000
0.000000,	0.000000,	1.000000,	0.000000
0.000000,	1.000000,	0.000000,	0.000000
0.000000,	0.000000,	-3.974028,	1.000000
rotate: 0.000000,0.000000,-18854494340481292000000000000000000000000000000000000000000000000000000000000000000000000000000000000000000000000.000000
drawImplementation
-1.000000,	0.000000,	0.000000,	0.000000
0.000000,	0.000000,	1.000000,	0.000000
0.000000,	1.000000,	0.000000,	0.000000
0.000000,	0.000000,	-3.974028,	1.000000
rotate: 0.000000,0.000000,-18854494340481292000000000000000000000000000000000000000000000000000000000000000000000000000000000000000000000000.000000
drawImplementation
-1.000000,	0.000000,	0.000000,	0.000000
0.000000,	0.000000,	1.000000,	0.000000
0.000000,	1.000000,	0.000000,	0.000000
0.000000,	0.000000,	-3.974028,	1.000000
rotate: 0.000000,0.000000,-18854494340481292000000000000000000000000000000000000000000000000000000000000000000000000000000000000000000000000.000000
drawImplementation
-1.000000,	0.000000,	0.000000,	0.000000
0.000000,	0.000000,	1.000000,	0.000000
0.000000,	1.000000,	0.000000,	0.000000
0.000000,	0.000000,	-3.974028,	1.000000
rotate: 0.000000,0.000000,-18854494340481292000000000000000000000000000000000000000000000000000000000000000000000000000000000000000000000000.000000
drawImplementation
-1.000000,	0.000000,	0.000000,	0.000000
0.000000,	0.000000,	1.000000,	0.000000
0.000000,	1.000000,	0.000000,	0.000000
0.000000,	0.000000,	-3.974028,	1.000000
rotate: 0.000000,0.000000,-18854494340481292000000000000000000000000000000000000000000000000000000000000000000000000000000000000000000000000.000000
drawImplementation
-1.000000,	0.000000,	0.000000,	0.000000
0.000000,	0.000000,	1.000000,	0.000000
0.000000,	1.000000,	0.000000,	0.000000
0.000000,	0.000000,	-3.974028,	1.000000
rotate: 0.000000,0.000000,-18854494340481292000000000000000000000000000000000000000000000000000000000000000000000000000000000000000000000000.000000
drawImplementation
-1.000000,	0.000000,	0.000000,	0.000000
0.000000,	0.000000,	1.000000,	0.000000
0.000000,	1.000000,	0.000000,	0.000000
0.000000,	0.000000,	-3.974028,	1.000000
rotate: 0.000000,0.000000,-18854494340481292000000000000000000000000000000000000000000000000000000000000000000000000000000000000000000000000.000000
drawImplementation
-1.000000,	0.000000,	0.000000,	0.000000
0.000000,	0.000000,	1.000000,	0.000000
0.000000,	1.000000,	0.000000,	0.000000
0.000000,	0.000000,	-3.974028,	1.000000
rotate: 0.000000,0.000000,-18854494340481292000000000000000000000000000000000000000000000000000000000000000000000000000000000000000000000000.000000
drawImplementation
-1.000000,	0.000000,	0.000000,	0.000000
0.000000,	0.000000,	1.000000,	0.000000
0.000000,	1.000000,	0.000000,	0.000000
0.000000,	0.000000,	-3.974028,	1.000000
rotate: 0.000000,0.000000,-18854494340481292000000000000000000000000000000000000000000000000000000000000000000000000000000000000000000000000.000000
drawImplementation
-1.000000,	0.000000,	0.000000,	0.000000
0.000000,	0.000000,	1.000000,	0.000000
0.000000,	1.000000,	0.000000,	0.000000
0.000000,	0.000000,	-3.974028,	1.000000
rotate: 0.000000,0.000000,-18854494340481292000000000000000000000000000000000000000000000000000000000000000000000000000000000000000000000000.000000
drawImplementation
-1.000000,	0.000000,	0.000000,	0.000000
0.000000,	0.000000,	1.000000,	0.000000
0.000000,	1.000000,	0.000000,	0.000000
0.000000,	0.000000,	-3.974028,	1.000000
rotate: 0.000000,0.000000,-18854494340481292000000000000000000000000000000000000000000000000000000000000000000000000000000000000000000000000.000000
drawImplementation
-1.000000,	0.000000,	0.000000,	0.000000
0.000000,	0.000000,	1.000000,	0.000000
0.000000,	1.000000,	0.000000,	0.000000
0.000000,	0.000000,	-3.974028,	1.000000
rotate: 0.000000,0.000000,-18854494340481292000000000000000000000000000000000000000000000000000000000000000000000000000000000000000000000000.000000
drawImplementation
-1.000000,	0.000000,	0.000000,	0.000000
0.000000,	0.000000,	1.000000,	0.000000
0.000000,	1.000000,	0.000000,	0.000000
0.000000,	0.000000,	-3.974028,	1.000000
rotate: 0.000000,0.000000,-18854494340481292000000000000000000000000000000000000000000000000000000000000000000000000000000000000000000000000.000000
drawImplementation
-1.000000,	0.000000,	0.000000,	0.000000
0.000000,	0.000000,	1.000000,	0.000000
0.000000,	1.000000,	0.000000,	0.000000
0.000000,	0.000000,	-3.974028,	1.000000
rotate: 0.000000,0.000000,-18854494340481292000000000000000000000000000000000000000000000000000000000000000000000000000000000000000000000000.000000
drawImplementation
-1.000000,	0.000000,	0.000000,	0.000000
0.000000,	0.000000,	1.000000,	0.000000
0.000000,	1.000000,	0.000000,	0.000000
0.000000,	0.000000,	-3.974028,	1.000000
rotate: 0.000000,0.000000,-18854494340481292000000000000000000000000000000000000000000000000000000000000000000000000000000000000000000000000.000000
drawImplementation
-1.000000,	0.000000,	0.000000,	0.000000
0.000000,	0.000000,	1.000000,	0.000000
0.000000,	1.000000,	0.000000,	0.000000
0.000000,	0.000000,	-3.974028,	1.000000
rotate: 0.000000,0.000000,-18854494340481292000000000000000000000000000000000000000000000000000000000000000000000000000000000000000000000000.000000
drawImplementation
-1.000000,	0.000000,	0.000000,	0.000000
0.000000,	0.000000,	1.000000,	0.000000
0.000000,	1.000000,	0.000000,	0.000000
0.000000,	0.000000,	-3.974028,	1.000000
rotate: 0.000000,0.000000,-18854494340481292000000000000000000000000000000000000000000000000000000000000000000000000000000000000000000000000.000000
drawImplementation
-1.000000,	0.000000,	0.000000,	0.000000
0.000000,	0.000000,	1.000000,	0.000000
0.000000,	1.000000,	0.000000,	0.000000
0.000000,	0.000000,	-3.974028,	1.000000
rotate: 0.000000,0.000000,-18854494340481292000000000000000000000000000000000000000000000000000000000000000000000000000000000000000000000000.000000
drawImplementation
-1.000000,	0.000000,	0.000000,	0.000000
0.000000,	0.000000,	1.000000,	0.000000
0.000000,	1.000000,	0.000000,	0.000000
0.000000,	0.000000,	-3.974028,	1.000000
rotate: 0.000000,0.000000,-18854494340481292000000000000000000000000000000000000000000000000000000000000000000000000000000000000000000000000.000000
drawImplementation
-1.000000,	0.000000,	0.000000,	0.000000
0.000000,	0.000000,	1.000000,	0.000000
0.000000,	1.000000,	0.000000,	0.000000
0.000000,	0.000000,	-3.974028,	1.000000
rotate: 0.000000,0.000000,-18854494340481292000000000000000000000000000000000000000000000000000000000000000000000000000000000000000000000000.000000
drawImplementation
-1.000000,	0.000000,	0.000000,	0.000000
0.000000,	0.000000,	1.000000,	0.000000
0.000000,	1.000000,	0.000000,	0.000000
0.000000,	0.000000,	-3.974028,	1.000000
rotate: 0.000000,0.000000,-18854494340481292000000000000000000000000000000000000000000000000000000000000000000000000000000000000000000000000.000000
drawImplementation
-1.000000,	0.000000,	0.000000,	0.000000
0.000000,	0.000000,	1.000000,	0.000000
0.000000,	1.000000,	0.000000,	0.000000
0.000000,	0.000000,	-3.974028,	1.000000
rotate: 0.000000,0.000000,-18854494340481292000000000000000000000000000000000000000000000000000000000000000000000000000000000000000000000000.000000
drawImplementation
-1.000000,	0.000000,	0.000000,	0.000000
0.000000,	0.000000,	1.000000,	0.000000
0.000000,	1.000000,	0.000000,	0.000000
0.000000,	0.000000,	-3.974028,	1.000000
rotate: 0.000000,0.000000,-18854494340481292000000000000000000000000000000000000000000000000000000000000000000000000000000000000000000000000.000000
drawImplementation
-1.000000,	0.000000,	0.000000,	0.000000
0.000000,	0.000000,	1.000000,	0.000000
0.000000,	1.000000,	0.000000,	0.000000
0.000000,	0.000000,	-3.974028,	1.000000
rotate: 0.000000,0.000000,-18854494340481292000000000000000000000000000000000000000000000000000000000000000000000000000000000000000000000000.000000
rotate: 0.000000,0.000000,-18854494340481292000000000000000000000000000000000000000000000000000000000000000000000000000000000000000000000000.000000
drawImplementation
-1.000000,	0.000000,	0.000000,	0.000000
0.000000,	0.000000,	1.000000,	0.000000
0.000000,	1.000000,	0.000000,	0.000000
0.000000,	0.000000,	-3.974028,	1.000000
rotate: 0.000000,0.000000,-18854494340481292000000000000000000000000000000000000000000000000000000000000000000000000000000000000000000000000.000000
rotate: 0.000000,0.000000,-18854494340481292000000000000000000000000000000000000000000000000000000000000000000000000000000000000000000000000.000000
drawImplementation
-1.000000,	0.000000,	0.000000,	0.000000
0.000000,	0.000000,	1.000000,	0.000000
0.000000,	1.000000,	0.000000,	0.000000
0.000000,	0.000000,	-3.974028,	1.000000
rotate: 0.000000,0.000000,-18854494340481292000000000000000000000000000000000000000000000000000000000000000000000000000000000000000000000000.000000
rotate: 0.000000,0.000000,-18854494340481292000000000000000000000000000000000000000000000000000000000000000000000000000000000000000000000000.000000
drawImplementation
-1.000000,	0.000000,	0.000000,	0.000000
0.000000,	0.000000,	1.000000,	0.000000
0.000000,	1.000000,	0.000000,	0.000000
0.000000,	0.000000,	-3.974028,	1.000000
rotate: 0.000000,0.000000,-18854494340481292000000000000000000000000000000000000000000000000000000000000000000000000000000000000000000000000.000000
rotate: 0.000000,0.000000,-18854494340481292000000000000000000000000000000000000000000000000000000000000000000000000000000000000000000000000.000000
drawImplementation
-1.000000,	0.000000,	0.000000,	0.000000
0.000000,	0.000000,	1.000000,	0.000000
0.000000,	1.000000,	0.000000,	0.000000
0.000000,	0.000000,	-3.974028,	1.000000
rotate: 0.000000,0.000000,-18854494340481292000000000000000000000000000000000000000000000000000000000000000000000000000000000000000000000000.000000
rotate: 0.000000,0.000000,-18854494340481292000000000000000000000000000000000000000000000000000000000000000000000000000000000000000000000000.000000
drawImplementation
-1.000000,	0.000000,	0.000000,	0.000000
0.000000,	0.000000,	1.000000,	0.000000
0.000000,	1.000000,	0.000000,	0.000000
0.000000,	0.000000,	-3.974028,	1.000000
rotate: 0.000000,0.000000,-18854494340481292000000000000000000000000000000000000000000000000000000000000000000000000000000000000000000000000.000000
drawImplementation
-1.000000,	0.000000,	0.000000,	0.000000
0.000000,	0.000000,	1.000000,	0.000000
0.000000,	1.000000,	0.000000,	0.000000
0.000000,	0.000000,	-3.974028,	1.000000
rotate: 0.000000,0.000000,-18854494340481292000000000000000000000000000000000000000000000000000000000000000000000000000000000000000000000000.000000
drawImplementation
-1.000000,	0.000000,	0.000000,	0.000000
0.000000,	0.000000,	1.000000,	0.000000
0.000000,	1.000000,	0.000000,	0.000000
0.000000,	0.000000,	-3.974028,	1.000000
rotate: 0.000000,0.000000,-18854494340481292000000000000000000000000000000000000000000000000000000000000000000000000000000000000000000000000.000000
rotate: 0.000000,0.000000,-18854494340481292000000000000000000000000000000000000000000000000000000000000000000000000000000000000000000000000.000000
drawImplementation
-1.000000,	0.000000,	0.000000,	0.000000
0.000000,	0.000000,	1.000000,	0.000000
0.000000,	1.000000,	0.000000,	0.000000
0.000000,	0.000000,	-3.974028,	1.000000
rotate: 0.000000,0.000000,-18854494340481292000000000000000000000000000000000000000000000000000000000000000000000000000000000000000000000000.000000
rotate: 0.000000,0.000000,-18854494340481292000000000000000000000000000000000000000000000000000000000000000000000000000000000000000000000000.000000
drawImplementation
-1.000000,	0.000000,	0.000000,	0.000000
0.000000,	0.000000,	1.000000,	0.000000
0.000000,	1.000000,	0.000000,	0.000000
0.000000,	0.000000,	-3.974028,	1.000000
rotate: 0.000000,0.000000,-18854494340481292000000000000000000000000000000000000000000000000000000000000000000000000000000000000000000000000.000000
rotate: 0.000000,0.000000,-18854494340481292000000000000000000000000000000000000000000000000000000000000000000000000000000000000000000000000.000000
drawImplementation
-1.000000,	0.000000,	0.000000,	0.000000
0.000000,	0.000000,	1.000000,	0.000000
0.000000,	1.000000,	0.000000,	0.000000
0.000000,	0.000000,	-3.974028,	1.000000
rotate: 0.000000,0.000000,-18854494340481292000000000000000000000000000000000000000000000000000000000000000000000000000000000000000000000000.000000
rotate: 0.000000,0.000000,-18854494340481292000000000000000000000000000000000000000000000000000000000000000000000000000000000000000000000000.000000
drawImplementation
-1.000000,	0.000000,	0.000000,	0.000000
0.000000,	0.000000,	1.000000,	0.000000
0.000000,	1.000000,	0.000000,	0.000000
0.000000,	0.000000,	-3.974028,	1.000000
rotate: 0.000000,0.000000,-18854494340481292000000000000000000000000000000000000000000000000000000000000000000000000000000000000000000000000.000000
rotate: 0.000000,0.000000,-18854494340481292000000000000000000000000000000000000000000000000000000000000000000000000000000000000000000000000.000000
drawImplementation
-1.000000,	0.000000,	0.000000,	0.000000
0.000000,	0.000000,	1.000000,	0.000000
0.000000,	1.000000,	0.000000,	0.000000
0.000000,	0.000000,	-3.974028,	1.000000
rotate: 0.000000,0.000000,-18854494340481292000000000000000000000000000000000000000000000000000000000000000000000000000000000000000000000000.000000
rotate: 0.000000,0.000000,-18854494340481292000000000000000000000000000000000000000000000000000000000000000000000000000000000000000000000000.000000
drawImplementation
-1.000000,	0.000000,	0.000000,	0.000000
0.000000,	0.000000,	1.000000,	0.000000
0.000000,	1.000000,	0.000000,	0.000000
0.000000,	0.000000,	-3.974028,	1.000000
rotate: 0.000000,0.000000,-18854494340481292000000000000000000000000000000000000000000000000000000000000000000000000000000000000000000000000.000000
rotate: 0.000000,0.000000,-18854494340481292000000000000000000000000000000000000000000000000000000000000000000000000000000000000000000000000.000000
drawImplementation
-1.000000,	0.000000,	0.000000,	0.000000
0.000000,	0.000000,	1.000000,	0.000000
0.000000,	1.000000,	0.000000,	0.000000
0.000000,	0.000000,	-3.974028,	1.000000
rotate: 0.000000,0.000000,-18854494340481292000000000000000000000000000000000000000000000000000000000000000000000000000000000000000000000000.000000
rotate: 0.000000,0.000000,-18854494340481292000000000000000000000000000000000000000000000000000000000000000000000000000000000000000000000000.000000
drawImplementation
-1.000000,	0.000000,	0.000000,	0.000000
0.000000,	0.000000,	1.000000,	0.000000
0.000000,	1.000000,	0.000000,	0.000000
0.000000,	0.000000,	-3.974028,	1.000000
rotate: 0.000000,0.000000,-18854494340481292000000000000000000000000000000000000000000000000000000000000000000000000000000000000000000000000.000000
drawImplementation
-1.000000,	0.000000,	0.000000,	0.000000
0.000000,	0.000000,	1.000000,	0.000000
0.000000,	1.000000,	0.000000,	0.000000
0.000000,	0.000000,	-3.974028,	1.000000
rotate: 0.000000,0.000000,-18854494340481292000000000000000000000000000000000000000000000000000000000000000000000000000000000000000000000000.000000
drawImplementation
-1.000000,	0.000000,	0.000000,	0.000000
0.000000,	0.000000,	1.000000,	0.000000
0.000000,	1.000000,	0.000000,	0.000000
0.000000,	0.000000,	-3.974028,	1.000000
rotate: 0.000000,0.000000,-18854494340481292000000000000000000000000000000000000000000000000000000000000000000000000000000000000000000000000.000000
drawImplementation
-1.000000,	0.000000,	0.000000,	0.000000
0.000000,	0.000000,	1.000000,	0.000000
0.000000,	1.000000,	0.000000,	0.000000
0.000000,	0.000000,	-3.974028,	1.000000
rotate: 0.000000,0.000000,-18854494340481292000000000000000000000000000000000000000000000000000000000000000000000000000000000000000000000000.000000
rotate: 0.000000,0.000000,-18854494340481292000000000000000000000000000000000000000000000000000000000000000000000000000000000000000000000000.000000
drawImplementation
-1.000000,	0.000000,	0.000000,	0.000000
0.000000,	0.000000,	1.000000,	0.000000
0.000000,	1.000000,	0.000000,	0.000000
0.000000,	0.000000,	-3.974028,	1.000000
rotate: 0.000000,0.000000,-18854494340481292000000000000000000000000000000000000000000000000000000000000000000000000000000000000000000000000.000000
rotate: 0.000000,0.000000,-18854494340481292000000000000000000000000000000000000000000000000000000000000000000000000000000000000000000000000.000000
drawImplementation
-1.000000,	0.000000,	0.000000,	0.000000
0.000000,	0.000000,	1.000000,	0.000000
0.000000,	1.000000,	0.000000,	0.000000
0.000000,	0.000000,	-3.974028,	1.000000
rotate: 0.000000,0.000000,-18854494340481292000000000000000000000000000000000000000000000000000000000000000000000000000000000000000000000000.000000
rotate: 0.000000,0.000000,-18854494340481292000000000000000000000000000000000000000000000000000000000000000000000000000000000000000000000000.000000
drawImplementation
-1.000000,	0.000000,	0.000000,	0.000000
0.000000,	0.000000,	1.000000,	0.000000
0.000000,	1.000000,	0.000000,	0.000000
0.000000,	0.000000,	-3.974028,	1.000000
rotate: 0.000000,0.000000,-18854494340481292000000000000000000000000000000000000000000000000000000000000000000000000000000000000000000000000.000000
drawImplementation
-1.000000,	0.000000,	0.000000,	0.000000
0.000000,	0.000000,	1.000000,	0.000000
0.000000,	1.000000,	0.000000,	0.000000
0.000000,	0.000000,	-3.974028,	1.000000
rotate: 0.000000,0.000000,-18854494340481292000000000000000000000000000000000000000000000000000000000000000000000000000000000000000000000000.000000
drawImplementation
-1.000000,	0.000000,	0.000000,	0.000000
0.000000,	0.000000,	1.000000,	0.000000
0.000000,	1.000000,	0.000000,	0.000000
0.000000,	0.000000,	-3.974028,	1.000000
rotate: 0.000000,0.000000,-18854494340481292000000000000000000000000000000000000000000000000000000000000000000000000000000000000000000000000.000000
drawImplementation
-1.000000,	0.000000,	0.000000,	0.000000
0.000000,	0.000000,	1.000000,	0.000000
0.000000,	1.000000,	0.000000,	0.000000
0.000000,	0.000000,	-3.974028,	1.000000
rotate: 0.000000,0.000000,-18854494340481292000000000000000000000000000000000000000000000000000000000000000000000000000000000000000000000000.000000
rotate: 0.000000,0.000000,-18854494340481292000000000000000000000000000000000000000000000000000000000000000000000000000000000000000000000000.000000
rotate: 0.000000,0.000000,-18854494340481292000000000000000000000000000000000000000000000000000000000000000000000000000000000000000000000000.000000
drawImplementation
-1.000000,	0.000000,	0.000000,	0.000000
0.000000,	-0.011111,	0.999938,	0.000000
0.000000,	0.999938,	0.011111,	0.000000
0.000000,	0.044155,	-3.973783,	1.000000
rotate: 0.000000,0.000000,-18854494340481292000000000000000000000000000000000000000000000000000000000000000000000000000000000000000000000000.000000
rotate: -0.003809,0.000000,-18854494340481292000000000000000000000000000000000000000000000000000000000000000000000000000000000000000000000000.000000
drawImplementation
-0.999940,	-0.000334,	0.010937,	0.000000
0.010942,	-0.030548,	0.999473,	0.000000
0.000000,	0.999533,	0.030550,	0.000000
-0.043483,	0.121398,	-3.971936,	1.000000
rotate: -0.003809,0.000000,-18854494340481292000000000000000000000000000000000000000000000000000000000000000000000000000000000000000000000000.000000
rotate: -0.047511,0.000000,-18854494340481292000000000000000000000000000000000000000000000000000000000000000000000000000000000000000000000000.000000
drawImplementation
-0.989790,	-0.016486,	0.141578,	0.000000
0.142535,	-0.114481,	0.983147,	0.000000
0.000000,	0.993289,	0.115662,	0.000000
-0.566437,	0.454950,	-3.907054,	1.000000
rotate: -0.047511,0.000000,-18854494340481292000000000000000000000000000000000000000000000000000000000000000000000000000000000000000000000000.000000
rotate: -0.074185,0.000000,-18854494340481292000000000000000000000000000000000000000000000000000000000000000000000000000000000000000000000000.000000
drawImplementation
-0.973376,	-0.039689,	0.225751,	0.000000
0.229213,	-0.168542,	0.958673,	0.000000
0.000000,	0.984895,	0.173152,	0.000000
-0.910901,	0.669792,	-3.809795,	1.000000
rotate: -0.074185,0.000000,-18854494340481292000000000000000000000000000000000000000000000000000000000000000000000000000000000000000000000000.000000
rotate: -0.100346,0.000000,-18854494340481292000000000000000000000000000000000000000000000000000000000000000000000000000000000000000000000000.000000
drawImplementation
-0.949461,	-0.063733,	0.307347,	0.000000
0.313885,	-0.192784,	0.929683,	0.000000
0.000000,	0.979169,	0.203046,	0.000000
-1.247390,	0.766129,	-3.694586,	1.000000
rotate: -0.100346,0.000000,-18854494340481292000000000000000000000000000000000000000000000000000000000000000000000000000000000000000000000000.000000
rotate: -0.124179,0.000000,-18854494340481292000000000000000000000000000000000000000000000000000000000000000000000000000000000000000000000000.000000
drawImplementation
-0.920719,	-0.086623,	0.380490,	0.000000
0.390225,	-0.204384,	0.897748,	0.000000
0.000000,	0.975051,	0.221983,	0.000000
-1.550767,	0.812227,	-3.567676,	1.000000
rotate: -0.124179,0.000000,-18854494340481292000000000000000000000000000000000000000000000000000000000000000000000000000000000000000000000000.000000
rotate: -0.149374,0.000000,-18854494340481292000000000000000000000000000000000000000000000000000000000000000000000000000000000000000000000000.000000
drawImplementation
-0.885285,	-0.103233,	0.453445,	0.000000
0.465048,	-0.196518,	0.863198,	0.000000
0.000000,	0.975051,	0.221983,	0.000000
-1.848114,	0.780969,	-3.430374,	1.000000
rotate: -0.149374,0.000000,-18854494340481292000000000000000000000000000000000000000000000000000000000000000000000000000000000000000000000000.000000
rotate: -0.203103,0.000000,-18854494340481292000000000000000000000000000000000000000000000000000000000000000000000000000000000000000000000000.000000
drawImplementation
-0.787918,	-0.136693,	0.600417,	0.000000
0.615781,	-0.174904,	0.768259,	0.000000
-0.000000,	0.975051,	0.221983,	0.000000
-2.447130,	0.695074,	-3.053085,	1.000000
rotate: -0.203103,0.000000,-18854494340481292000000000000000000000000000000000000000000000000000000000000000000000000000000000000000000000000.000000
rotate: -0.222340,0.000000,-18854494340481292000000000000000000000000000000000000000000000000000000000000000000000000000000000000000000000000.000000
drawImplementation
-0.745840,	-0.147868,	0.649506,	0.000000
0.666125,	-0.165564,	0.727232,	0.000000
0.000000,	0.975051,	0.221983,	0.000000
-2.647201,	0.657954,	-2.890039,	1.000000
rotate: -0.222340,0.000000,-18854494340481292000000000000000000000000000000000000000000000000000000000000000000000000000000000000000000000000.000000
rotate: -0.235033,0.000000,-18854494340481292000000000000000000000000000000000000000000000000000000000000000000000000000000000000000000000000.000000
drawImplementation
-0.715993,	-0.154968,	0.680691,	0.000000
0.698108,	-0.158938,	0.698129,	0.000000
0.000000,	0.975051,	0.221983,	0.000000
-2.774301,	0.631624,	-2.774384,	1.000000
rotate: -0.235033,0.000000,-18854494340481292000000000000000000000000000000000000000000000000000000000000000000000000000000000000000000000000.000000
rotate: -0.241338,0.000000,-18854494340481292000000000000000000000000000000000000000000000000000000000000000000000000000000000000000000000000.000000
drawImplementation
-0.700551,	-0.158407,	0.695798,	0.000000
0.713602,	-0.155510,	0.683073,	0.000000
-0.000000,	0.975051,	0.221983,	0.000000
-2.835874,	0.618002,	-2.714552,	1.000000
rotate: -0.241338,0.000000,-18854494340481292000000000000000000000000000000000000000000000000000000000000000000000000000000000000000000000000.000000
drawImplementation
-0.700551,	-0.158407,	0.695798,	0.000000
0.713602,	-0.155510,	0.683073,	0.000000
-0.000000,	0.975051,	0.221983,	0.000000
-2.835874,	0.618002,	-2.714552,	1.000000
rotate: -0.241338,0.000000,-18854494340481292000000000000000000000000000000000000000000000000000000000000000000000000000000000000000000000000.000000
drawImplementation
-0.700551,	-0.158407,	0.695798,	0.000000
0.713602,	-0.155510,	0.683073,	0.000000
-0.000000,	0.975051,	0.221983,	0.000000
-2.835874,	0.618002,	-2.714552,	1.000000
rotate: -0.241338,0.000000,-18854494340481292000000000000000000000000000000000000000000000000000000000000000000000000000000000000000000000000.000000
rotate: -0.241338,0.000000,-18854494340481292000000000000000000000000000000000000000000000000000000000000000000000000000000000000000000000000.000000
rotate: -0.241338,0.000000,-18854494340481292000000000000000000000000000000000000000000000000000000000000000000000000000000000000000000000000.000000
drawImplementation
-0.700551,	-0.158407,	0.695798,	0.000000
0.713602,	-0.155510,	0.683073,	0.000000
-0.000000,	0.975051,	0.221983,	0.000000
-2.835874,	0.618002,	-2.714552,	1.000000
rotate: -0.241338,0.000000,-18854494340481292000000000000000000000000000000000000000000000000000000000000000000000000000000000000000000000000.000000
drawImplementation
-0.700551,	-0.158407,	0.695798,	0.000000
0.713602,	-0.155510,	0.683073,	0.000000
-0.000000,	0.975051,	0.221983,	0.000000
-2.835874,	0.618002,	-2.714552,	1.000000
rotate: -0.241338,0.000000,-18854494340481292000000000000000000000000000000000000000000000000000000000000000000000000000000000000000000000000.000000
rotate: -0.241338,0.000000,-18854494340481292000000000000000000000000000000000000000000000000000000000000000000000000000000000000000000000000.000000
drawImplementation
-0.700551,	-0.158407,	0.695798,	0.000000
0.713602,	-0.155510,	0.683073,	0.000000
-0.000000,	0.975051,	0.221983,	0.000000
-2.835874,	0.618002,	-2.714552,	1.000000
rotate: -0.241338,0.000000,-18854494340481292000000000000000000000000000000000000000000000000000000000000000000000000000000000000000000000000.000000
rotate: -0.241338,0.000000,-18854494340481292000000000000000000000000000000000000000000000000000000000000000000000000000000000000000000000000.000000
drawImplementation
-0.700551,	-0.158407,	0.695798,	0.000000
0.713602,	-0.155510,	0.683073,	0.000000
-0.000000,	0.975051,	0.221983,	0.000000
-2.835874,	0.618002,	-2.714552,	1.000000
rotate: -0.241338,0.000000,-18854494340481292000000000000000000000000000000000000000000000000000000000000000000000000000000000000000000000000.000000
rotate: -0.241338,0.000000,-18854494340481292000000000000000000000000000000000000000000000000000000000000000000000000000000000000000000000000.000000
drawImplementation
-0.700551,	-0.158407,	0.695798,	0.000000
0.713602,	-0.155510,	0.683073,	0.000000
-0.000000,	0.975051,	0.221983,	0.000000
-2.835874,	0.618002,	-2.714552,	1.000000
rotate: -0.241338,0.000000,-18854494340481292000000000000000000000000000000000000000000000000000000000000000000000000000000000000000000000000.000000
rotate: -0.241338,0.000000,-18854494340481292000000000000000000000000000000000000000000000000000000000000000000000000000000000000000000000000.000000
drawImplementation
-0.700551,	-0.158407,	0.695798,	0.000000
0.713602,	-0.155510,	0.683073,	0.000000
-0.000000,	0.975051,	0.221983,	0.000000
-2.835874,	0.618002,	-2.714552,	1.000000
rotate: -0.241338,0.000000,-18854494340481292000000000000000000000000000000000000000000000000000000000000000000000000000000000000000000000000.000000
rotate: -0.241338,0.000000,-18854494340481292000000000000000000000000000000000000000000000000000000000000000000000000000000000000000000000000.000000
drawImplementation
-0.700551,	-0.158407,	0.695798,	0.000000
0.713602,	-0.155510,	0.683073,	0.000000
-0.000000,	0.975051,	0.221983,	0.000000
-2.835874,	0.618002,	-2.714552,	1.000000
rotate: -0.241338,0.000000,-18854494340481292000000000000000000000000000000000000000000000000000000000000000000000000000000000000000000000000.000000
rotate: -0.241338,0.000000,-18854494340481292000000000000000000000000000000000000000000000000000000000000000000000000000000000000000000000000.000000
drawImplementation
-0.700551,	-0.158407,	0.695798,	0.000000
0.713602,	-0.155510,	0.683073,	0.000000
-0.000000,	0.975051,	0.221983,	0.000000
-2.835874,	0.618002,	-2.714552,	1.000000
rotate: -0.241338,0.000000,-18854494340481292000000000000000000000000000000000000000000000000000000000000000000000000000000000000000000000000.000000
rotate: -0.241338,0.000000,-18854494340481292000000000000000000000000000000000000000000000000000000000000000000000000000000000000000000000000.000000
drawImplementation
-0.700551,	-0.158407,	0.695798,	0.000000
0.713602,	-0.155510,	0.683073,	0.000000
-0.000000,	0.975051,	0.221983,	0.000000
-2.835874,	0.618002,	-2.714552,	1.000000
rotate: -0.241338,0.000000,-18854494340481292000000000000000000000000000000000000000000000000000000000000000000000000000000000000000000000000.000000
rotate: -0.241338,0.000000,-18854494340481292000000000000000000000000000000000000000000000000000000000000000000000000000000000000000000000000.000000
drawImplementation
-0.700551,	-0.158407,	0.695798,	0.000000
0.713602,	-0.155510,	0.683073,	0.000000
-0.000000,	0.975051,	0.221983,	0.000000
-2.835874,	0.618002,	-2.714552,	1.000000
rotate: -0.241338,0.000000,-18854494340481292000000000000000000000000000000000000000000000000000000000000000000000000000000000000000000000000.000000
rotate: -0.241338,0.000000,-18854494340481292000000000000000000000000000000000000000000000000000000000000000000000000000000000000000000000000.000000
drawImplementation
-0.700551,	-0.158407,	0.695798,	0.000000
0.713602,	-0.155510,	0.683073,	0.000000
-0.000000,	0.975051,	0.221983,	0.000000
-2.835874,	0.618002,	-2.714552,	1.000000
rotate: -0.241338,0.000000,-18854494340481292000000000000000000000000000000000000000000000000000000000000000000000000000000000000000000000000.000000
drawImplementation
-0.700551,	-0.158407,	0.695798,	0.000000
0.713602,	-0.155510,	0.683073,	0.000000
-0.000000,	0.975051,	0.221983,	0.000000
-2.835874,	0.618002,	-2.714552,	1.000000
rotate: -0.241338,0.000000,-18854494340481292000000000000000000000000000000000000000000000000000000000000000000000000000000000000000000000000.000000
drawImplementation
-0.700551,	-0.158407,	0.695798,	0.000000
0.713602,	-0.155510,	0.683073,	0.000000
-0.000000,	0.975051,	0.221983,	0.000000
-2.835874,	0.618002,	-2.714552,	1.000000
rotate: -0.241338,0.000000,-18854494340481292000000000000000000000000000000000000000000000000000000000000000000000000000000000000000000000000.000000
rotate: -0.241338,0.000000,-18854494340481292000000000000000000000000000000000000000000000000000000000000000000000000000000000000000000000000.000000
drawImplementation
-0.700551,	-0.158407,	0.695798,	0.000000
0.713602,	-0.155510,	0.683073,	0.000000
-0.000000,	0.975051,	0.221983,	0.000000
-2.835874,	0.618002,	-2.714552,	1.000000
rotate: -0.241338,0.000000,-18854494340481292000000000000000000000000000000000000000000000000000000000000000000000000000000000000000000000000.000000
rotate: -0.241338,0.000000,-18854494340481292000000000000000000000000000000000000000000000000000000000000000000000000000000000000000000000000.000000
drawImplementation
-0.700551,	-0.158407,	0.695798,	0.000000
0.713602,	-0.155510,	0.683073,	0.000000
-0.000000,	0.975051,	0.221983,	0.000000
-2.835874,	0.618002,	-2.714552,	1.000000
rotate: -0.241338,0.000000,-18854494340481292000000000000000000000000000000000000000000000000000000000000000000000000000000000000000000000000.000000
rotate: -0.241338,0.000000,-18854494340481292000000000000000000000000000000000000000000000000000000000000000000000000000000000000000000000000.000000
drawImplementation
-0.700551,	-0.158407,	0.695798,	0.000000
0.713602,	-0.155510,	0.683073,	0.000000
-0.000000,	0.975051,	0.221983,	0.000000
-2.835874,	0.618002,	-2.714552,	1.000000
rotate: -0.241338,0.000000,-18854494340481292000000000000000000000000000000000000000000000000000000000000000000000000000000000000000000000000.000000
rotate: -0.241338,0.000000,-18854494340481292000000000000000000000000000000000000000000000000000000000000000000000000000000000000000000000000.000000
drawImplementation
-0.700551,	-0.158407,	0.695798,	0.000000
0.713602,	-0.155510,	0.683073,	0.000000
-0.000000,	0.975051,	0.221983,	0.000000
-2.835874,	0.618002,	-2.714552,	1.000000
rotate: -0.241338,0.000000,-18854494340481292000000000000000000000000000000000000000000000000000000000000000000000000000000000000000000000000.000000
rotate: -0.241338,0.000000,-18854494340481292000000000000000000000000000000000000000000000000000000000000000000000000000000000000000000000000.000000
drawImplementation
-0.700551,	-0.158407,	0.695798,	0.000000
0.713602,	-0.155510,	0.683073,	0.000000
-0.000000,	0.975051,	0.221983,	0.000000
-2.835874,	0.618002,	-2.714552,	1.000000
rotate: -0.241338,0.000000,-18854494340481292000000000000000000000000000000000000000000000000000000000000000000000000000000000000000000000000.000000
drawImplementation
-0.700551,	-0.158407,	0.695798,	0.000000
0.713602,	-0.155510,	0.683073,	0.000000
-0.000000,	0.975051,	0.221983,	0.000000
-2.835874,	0.618002,	-2.714552,	1.000000
rotate: -0.241338,0.000000,-18854494340481292000000000000000000000000000000000000000000000000000000000000000000000000000000000000000000000000.000000
rotate: -0.241338,0.000000,-18854494340481292000000000000000000000000000000000000000000000000000000000000000000000000000000000000000000000000.000000
drawImplementation
-0.700551,	-0.158407,	0.695798,	0.000000
0.713602,	-0.155510,	0.683073,	0.000000
-0.000000,	0.975051,	0.221983,	0.000000
-2.835874,	0.618002,	-2.714552,	1.000000
rotate: -0.241338,0.000000,-18854494340481292000000000000000000000000000000000000000000000000000000000000000000000000000000000000000000000000.000000
rotate: -0.238189,0.000000,-18854494340481292000000000000000000000000000000000000000000000000000000000000000000000000000000000000000000000000.000000
drawImplementation
-0.708314,	-0.156697,	0.688285,	0.000000
0.705897,	-0.157234,	0.690642,	0.000000
0.000000,	0.975051,	0.221983,	0.000000
-2.805255,	0.624851,	-2.744632,	1.000000
rotate: -0.238189,0.000000,-18854494340481292000000000000000000000000000000000000000000000000000000000000000000000000000000000000000000000000.000000
