rotate: 0.000000,0.000000,0.000000
drawImplementation
-1.000000,	0.000000,	0.000000,	0.000000
0.000000,	0.000000,	1.000000,	0.000000
0.000000,	1.000000,	0.000000,	0.000000
0.000000,	0.000000,	-3.974028,	1.000000
rotate: 0.000000,0.000000,4848759031250354000000000000000000000000000000000000000000000000000000000000000000000000000000000000000000000000000000000000000000000000000000000000000000000000000000000000000000000000000000000000000000000000000.000000
drawImplementation
-1.000000,	0.000000,	0.000000,	0.000000
0.000000,	0.000000,	1.000000,	0.000000
0.000000,	1.000000,	0.000000,	0.000000
0.000000,	0.000000,	-3.974028,	1.000000
rotate: 0.000000,0.000000,4848708866685252900000000000000000000000000000000000000000000000000000000000000000000000000000000000000000000000000000000000000000000000000000000000000000000000000000000000000000000000000000000000000000000000000.000000
rotate: 0.000000,0.000000,4848708866685252900000000000000000000000000000000000000000000000000000000000000000000000000000000000000000000000000000000000000000000000000000000000000000000000000000000000000000000000000000000000000000000000000.000000
drawImplementation
-1.000000,	0.000000,	0.000000,	0.000000
0.000000,	0.000000,	1.000000,	0.000000
0.000000,	1.000000,	0.000000,	0.000000
0.000000,	0.000000,	-3.974028,	1.000000
rotate: 0.000000,0.000000,4848759031250354000000000000000000000000000000000000000000000000000000000000000000000000000000000000000000000000000000000000000000000000000000000000000000000000000000000000000000000000000000000000000000000000000.000000
drawImplementation
-1.000000,	0.000000,	0.000000,	0.000000
0.000000,	0.000000,	1.000000,	0.000000
0.000000,	1.000000,	0.000000,	0.000000
0.000000,	0.000000,	-3.974028,	1.000000
rotate: 0.000000,0.000000,4848708866685252900000000000000000000000000000000000000000000000000000000000000000000000000000000000000000000000000000000000000000000000000000000000000000000000000000000000000000000000000000000000000000000000000.000000
rotate: 0.000000,0.000000,4848708866685252900000000000000000000000000000000000000000000000000000000000000000000000000000000000000000000000000000000000000000000000000000000000000000000000000000000000000000000000000000000000000000000000000.000000
drawImplementation
-1.000000,	0.000000,	0.000000,	0.000000
0.000000,	0.000000,	1.000000,	0.000000
0.000000,	1.000000,	0.000000,	0.000000
0.000000,	0.000000,	-3.974028,	1.000000
rotate: 0.000000,0.000000,4848759031250354000000000000000000000000000000000000000000000000000000000000000000000000000000000000000000000000000000000000000000000000000000000000000000000000000000000000000000000000000000000000000000000000000.000000
drawImplementation
-1.000000,	0.000000,	0.000000,	0.000000
0.000000,	0.000000,	1.000000,	0.000000
0.000000,	1.000000,	0.000000,	0.000000
0.000000,	0.000000,	-3.974028,	1.000000
rotate: 0.000000,0.000000,4848708866685252900000000000000000000000000000000000000000000000000000000000000000000000000000000000000000000000000000000000000000000000000000000000000000000000000000000000000000000000000000000000000000000000000.000000
rotate: 0.000000,0.000000,4848708866685252900000000000000000000000000000000000000000000000000000000000000000000000000000000000000000000000000000000000000000000000000000000000000000000000000000000000000000000000000000000000000000000000000.000000
rotate: 0.000000,0.000000,4848708866685252900000000000000000000000000000000000000000000000000000000000000000000000000000000000000000000000000000000000000000000000000000000000000000000000000000000000000000000000000000000000000000000000000.000000
drawImplementation
-1.000000,	0.000000,	0.000000,	0.000000
0.000000,	0.000000,	1.000000,	0.000000
0.000000,	1.000000,	0.000000,	0.000000
0.000000,	0.000000,	-3.974028,	1.000000
rotate: 0.000000,0.000000,4848759031250354000000000000000000000000000000000000000000000000000000000000000000000000000000000000000000000000000000000000000000000000000000000000000000000000000000000000000000000000000000000000000000000000000.000000
drawImplementation
-1.000000,	0.000000,	0.000000,	0.000000
0.000000,	0.000000,	1.000000,	0.000000
0.000000,	1.000000,	0.000000,	0.000000
0.000000,	0.000000,	-3.974028,	1.000000
rotate: 0.000000,0.000000,4848708866685252900000000000000000000000000000000000000000000000000000000000000000000000000000000000000000000000000000000000000000000000000000000000000000000000000000000000000000000000000000000000000000000000000.000000
rotate: 0.000000,0.000000,4848708866685252900000000000000000000000000000000000000000000000000000000000000000000000000000000000000000000000000000000000000000000000000000000000000000000000000000000000000000000000000000000000000000000000000.000000
drawImplementation
-1.000000,	0.000000,	0.000000,	0.000000
0.000000,	0.000000,	1.000000,	0.000000
0.000000,	1.000000,	0.000000,	0.000000
0.000000,	0.000000,	-3.974028,	1.000000
rotate: 0.000000,0.000000,4848759031250354000000000000000000000000000000000000000000000000000000000000000000000000000000000000000000000000000000000000000000000000000000000000000000000000000000000000000000000000000000000000000000000000000.000000
drawImplementation
-1.000000,	0.000000,	0.000000,	0.000000
0.000000,	0.000000,	1.000000,	0.000000
0.000000,	1.000000,	0.000000,	0.000000
0.000000,	0.000000,	-3.974028,	1.000000
rotate: 0.000000,0.000000,4848708866685252900000000000000000000000000000000000000000000000000000000000000000000000000000000000000000000000000000000000000000000000000000000000000000000000000000000000000000000000000000000000000000000000000.000000
rotate: 0.000000,0.000000,4848708866685252900000000000000000000000000000000000000000000000000000000000000000000000000000000000000000000000000000000000000000000000000000000000000000000000000000000000000000000000000000000000000000000000000.000000
rotate: 0.001657,0.000000,4848708866685252900000000000000000000000000000000000000000000000000000000000000000000000000000000000000000000000000000000000000000000000000000000000000000000000000000000000000000000000000000000000000000000000000.000000
drawImplementation
-0.999989,	0.000000,	-0.004687,	0.000000
-0.004687,	0.000000,	0.999989,	0.000000
0.000000,	1.000000,	0.000000,	0.000000
0.018628,	-0.000000,	-3.973985,	1.000000
rotate: 0.001657,0.000000,4848759031250354000000000000000000000000000000000000000000000000000000000000000000000000000000000000000000000000000000000000000000000000000000000000000000000000000000000000000000000000000000000000000000000000000.000000
drawImplementation
-0.999989,	0.000000,	-0.004687,	0.000000
-0.004687,	0.000000,	0.999989,	0.000000
0.000000,	1.000000,	0.000000,	0.000000
0.018628,	-0.000000,	-3.973985,	1.000000
rotate: 0.001657,0.000000,4848708866685252900000000000000000000000000000000000000000000000000000000000000000000000000000000000000000000000000000000000000000000000000000000000000000000000000000000000000000000000000000000000000000000000000.000000
rotate: 0.015052,0.000000,4848708866685252900000000000000000000000000000000000000000000000000000000000000000000000000000000000000000000000000000000000000000000000000000000000000000000000000000000000000000000000000000000000000000000000000.000000
rotate: 0.028084,0.000000,4848708866685252900000000000000000000000000000000000000000000000000000000000000000000000000000000000000000000000000000000000000000000000000000000000000000000000000000000000000000000000000000000000000000000000000.000000
drawImplementation
-0.996103,	0.016785,	-0.086580,	0.000000
-0.088192,	-0.189582,	0.977896,	0.000000
0.000000,	0.981721,	0.190324,	0.000000
0.350478,	0.753406,	-3.886187,	1.000000
rotate: 0.028084,0.000000,4848759031250354000000000000000000000000000000000000000000000000000000000000000000000000000000000000000000000000000000000000000000000000000000000000000000000000000000000000000000000000000000000000000000000000000.000000
drawImplementation
-0.996103,	0.016785,	-0.086580,	0.000000
-0.088192,	-0.189582,	0.977896,	0.000000
0.000000,	0.981721,	0.190324,	0.000000
0.350478,	0.753406,	-3.886187,	1.000000
rotate: 0.028084,0.000000,4848708866685252900000000000000000000000000000000000000000000000000000000000000000000000000000000000000000000000000000000000000000000000000000000000000000000000000000000000000000000000000000000000000000000000000.000000
rotate: 0.030631,0.000000,4848708866685252900000000000000000000000000000000000000000000000000000000000000000000000000000000000000000000000000000000000000000000000000000000000000000000000000000000000000000000000000000000000000000000000000.000000
drawImplementation
-0.995067,	0.023724,	-0.096323,	0.000000
-0.099202,	-0.237969,	0.966193,	0.000000
-0.000000,	0.970983,	0.239149,	0.000000
0.394231,	0.945696,	-3.839680,	1.000000
rotate: 0.030631,0.000000,4848759031250354000000000000000000000000000000000000000000000000000000000000000000000000000000000000000000000000000000000000000000000000000000000000000000000000000000000000000000000000000000000000000000000000000.000000
drawImplementation
-0.995067,	0.023724,	-0.096323,	0.000000
-0.099202,	-0.237969,	0.966193,	0.000000
-0.000000,	0.970983,	0.239149,	0.000000
0.394231,	0.945696,	-3.839680,	1.000000
rotate: 0.030631,0.000000,4848708866685252900000000000000000000000000000000000000000000000000000000000000000000000000000000000000000000000000000000000000000000000000000000000000000000000000000000000000000000000000000000000000000000000000.000000
drawImplementation
-0.995067,	0.023724,	-0.096323,	0.000000
-0.099202,	-0.237969,	0.966193,	0.000000
-0.000000,	0.970983,	0.239149,	0.000000
0.394231,	0.945696,	-3.839680,	1.000000
rotate: 0.030631,0.000000,4848759031250354000000000000000000000000000000000000000000000000000000000000000000000000000000000000000000000000000000000000000000000000000000000000000000000000000000000000000000000000000000000000000000000000000.000000
drawImplementation
-0.995067,	0.023724,	-0.096323,	0.000000
-0.099202,	-0.237969,	0.966193,	0.000000
-0.000000,	0.970983,	0.239149,	0.000000
0.394231,	0.945696,	-3.839680,	1.000000
rotate: 0.030631,0.000000,4848708866685252900000000000000000000000000000000000000000000000000000000000000000000000000000000000000000000000000000000000000000000000000000000000000000000000000000000000000000000000000000000000000000000000000.000000
rotate: 0.030631,0.000000,4848708866685252900000000000000000000000000000000000000000000000000000000000000000000000000000000000000000000000000000000000000000000000000000000000000000000000000000000000000000000000000000000000000000000000000.000000
drawImplementation
-0.995067,	0.023724,	-0.096323,	0.000000
-0.099202,	-0.237969,	0.966193,	0.000000
-0.000000,	0.970983,	0.239149,	0.000000
0.394231,	0.945696,	-3.839680,	1.000000
rotate: 0.030631,0.000000,4848759031250354000000000000000000000000000000000000000000000000000000000000000000000000000000000000000000000000000000000000000000000000000000000000000000000000000000000000000000000000000000000000000000000000000.000000
drawImplementation
-0.995067,	0.023724,	-0.096323,	0.000000
-0.099202,	-0.237969,	0.966193,	0.000000
-0.000000,	0.970983,	0.239149,	0.000000
0.394231,	0.945696,	-3.839680,	1.000000
rotate: 0.030631,0.000000,4848708866685252900000000000000000000000000000000000000000000000000000000000000000000000000000000000000000000000000000000000000000000000000000000000000000000000000000000000000000000000000000000000000000000000000.000000
drawImplementation
-0.995067,	0.023724,	-0.096323,	0.000000
-0.099202,	-0.237969,	0.966193,	0.000000
-0.000000,	0.970983,	0.239149,	0.000000
0.394231,	0.945696,	-3.839680,	1.000000
rotate: 0.030631,0.000000,4848759031250354000000000000000000000000000000000000000000000000000000000000000000000000000000000000000000000000000000000000000000000000000000000000000000000000000000000000000000000000000000000000000000000000000.000000
drawImplementation
-0.995067,	0.023724,	-0.096323,	0.000000
-0.099202,	-0.237969,	0.966193,	0.000000
-0.000000,	0.970983,	0.239149,	0.000000
0.394231,	0.945696,	-3.839680,	1.000000
rotate: 0.030631,0.000000,4848708866685252900000000000000000000000000000000000000000000000000000000000000000000000000000000000000000000000000000000000000000000000000000000000000000000000000000000000000000000000000000000000000000000000000.000000
drawImplementation
-0.995067,	0.023724,	-0.096323,	0.000000
-0.099202,	-0.237969,	0.966193,	0.000000
-0.000000,	0.970983,	0.239149,	0.000000
0.394231,	0.945696,	-3.839680,	1.000000
rotate: 0.030631,0.000000,4848759031250354000000000000000000000000000000000000000000000000000000000000000000000000000000000000000000000000000000000000000000000000000000000000000000000000000000000000000000000000000000000000000000000000000.000000
drawImplementation
-0.995067,	0.023724,	-0.096323,	0.000000
-0.099202,	-0.237969,	0.966193,	0.000000
-0.000000,	0.970983,	0.239149,	0.000000
0.394231,	0.945696,	-3.839680,	1.000000
rotate: 0.030631,0.000000,4848708866685252900000000000000000000000000000000000000000000000000000000000000000000000000000000000000000000000000000000000000000000000000000000000000000000000000000000000000000000000000000000000000000000000000.000000
drawImplementation
-0.995067,	0.023724,	-0.096323,	0.000000
-0.099202,	-0.237969,	0.966193,	0.000000
-0.000000,	0.970983,	0.239149,	0.000000
0.394231,	0.945696,	-3.839680,	1.000000
rotate: 0.030631,0.000000,4848759031250354000000000000000000000000000000000000000000000000000000000000000000000000000000000000000000000000000000000000000000000000000000000000000000000000000000000000000000000000000000000000000000000000000.000000
drawImplementation
-0.995067,	0.023724,	-0.096323,	0.000000
-0.099202,	-0.237969,	0.966193,	0.000000
-0.000000,	0.970983,	0.239149,	0.000000
0.394231,	0.945696,	-3.839680,	1.000000
rotate: 0.030631,0.000000,4848708866685252900000000000000000000000000000000000000000000000000000000000000000000000000000000000000000000000000000000000000000000000000000000000000000000000000000000000000000000000000000000000000000000000000.000000
drawImplementation
-0.995067,	0.023724,	-0.096323,	0.000000
-0.099202,	-0.237969,	0.966193,	0.000000
-0.000000,	0.970983,	0.239149,	0.000000
0.394231,	0.945696,	-3.839680,	1.000000
rotate: 0.030631,0.000000,4848759031250354000000000000000000000000000000000000000000000000000000000000000000000000000000000000000000000000000000000000000000000000000000000000000000000000000000000000000000000000000000000000000000000000000.000000
drawImplementation
-0.995067,	0.023724,	-0.096323,	0.000000
-0.099202,	-0.237969,	0.966193,	0.000000
-0.000000,	0.970983,	0.239149,	0.000000
0.394231,	0.945696,	-3.839680,	1.000000
rotate: 0.030631,0.000000,4848708866685252900000000000000000000000000000000000000000000000000000000000000000000000000000000000000000000000000000000000000000000000000000000000000000000000000000000000000000000000000000000000000000000000000.000000
drawImplementation
-0.995067,	0.023724,	-0.096323,	0.000000
-0.099202,	-0.237969,	0.966193,	0.000000
-0.000000,	0.970983,	0.239149,	0.000000
0.394231,	0.945696,	-3.839680,	1.000000
rotate: 0.030631,0.000000,4848759031250354000000000000000000000000000000000000000000000000000000000000000000000000000000000000000000000000000000000000000000000000000000000000000000000000000000000000000000000000000000000000000000000000000.000000
drawImplementation
-0.995067,	0.023724,	-0.096323,	0.000000
-0.099202,	-0.237969,	0.966193,	0.000000
-0.000000,	0.970983,	0.239149,	0.000000
0.394231,	0.945696,	-3.839680,	1.000000
rotate: 0.030631,0.000000,4848708866685252900000000000000000000000000000000000000000000000000000000000000000000000000000000000000000000000000000000000000000000000000000000000000000000000000000000000000000000000000000000000000000000000000.000000
drawImplementation
-0.995067,	0.023724,	-0.096323,	0.000000
-0.099202,	-0.237969,	0.966193,	0.000000
-0.000000,	0.970983,	0.239149,	0.000000
0.394231,	0.945696,	-3.839680,	1.000000
rotate: 0.030631,0.000000,4848759031250354000000000000000000000000000000000000000000000000000000000000000000000000000000000000000000000000000000000000000000000000000000000000000000000000000000000000000000000000000000000000000000000000000.000000
drawImplementation
-0.995067,	0.023724,	-0.096323,	0.000000
-0.099202,	-0.237969,	0.966193,	0.000000
-0.000000,	0.970983,	0.239149,	0.000000
0.394231,	0.945696,	-3.839680,	1.000000
rotate: 0.030631,0.000000,4848708866685252900000000000000000000000000000000000000000000000000000000000000000000000000000000000000000000000000000000000000000000000000000000000000000000000000000000000000000000000000000000000000000000000000.000000
drawImplementation
-0.995067,	0.023724,	-0.096323,	0.000000
-0.099202,	-0.237969,	0.966193,	0.000000
-0.000000,	0.970983,	0.239149,	0.000000
0.394231,	0.945696,	-3.839680,	1.000000
rotate: 0.030631,0.000000,4848759031250354000000000000000000000000000000000000000000000000000000000000000000000000000000000000000000000000000000000000000000000000000000000000000000000000000000000000000000000000000000000000000000000000000.000000
drawImplementation
-0.995067,	0.023724,	-0.096323,	0.000000
-0.099202,	-0.237969,	0.966193,	0.000000
-0.000000,	0.970983,	0.239149,	0.000000
0.394231,	0.945696,	-3.839680,	1.000000
rotate: 0.030631,0.000000,4848708866685252900000000000000000000000000000000000000000000000000000000000000000000000000000000000000000000000000000000000000000000000000000000000000000000000000000000000000000000000000000000000000000000000000.000000
rotate: 0.030631,0.000000,4848708866685252900000000000000000000000000000000000000000000000000000000000000000000000000000000000000000000000000000000000000000000000000000000000000000000000000000000000000000000000000000000000000000000000000.000000
rotate: 0.030631,0.000000,4848708866685252900000000000000000000000000000000000000000000000000000000000000000000000000000000000000000000000000000000000000000000000000000000000000000000000000000000000000000000000000000000000000000000000000.000000
drawImplementation
-0.995067,	0.023724,	-0.096323,	0.000000
-0.099202,	-0.237969,	0.966193,	0.000000
-0.000000,	0.970983,	0.239149,	0.000000
0.394231,	0.945696,	-3.839680,	1.000000
rotate: 0.030631,0.000000,4848759031250354000000000000000000000000000000000000000000000000000000000000000000000000000000000000000000000000000000000000000000000000000000000000000000000000000000000000000000000000000000000000000000000000000.000000
drawImplementation
-0.995067,	0.023724,	-0.096323,	0.000000
-0.099202,	-0.237969,	0.966193,	0.000000
-0.000000,	0.970983,	0.239149,	0.000000
0.394231,	0.945696,	-3.839680,	1.000000
rotate: 0.030631,0.000000,4848708866685252900000000000000000000000000000000000000000000000000000000000000000000000000000000000000000000000000000000000000000000000000000000000000000000000000000000000000000000000000000000000000000000000000.000000
rotate: 0.030631,0.000000,4848708866685252900000000000000000000000000000000000000000000000000000000000000000000000000000000000000000000000000000000000000000000000000000000000000000000000000000000000000000000000000000000000000000000000000.000000
rotate: 0.030631,0.000000,4848708866685252900000000000000000000000000000000000000000000000000000000000000000000000000000000000000000000000000000000000000000000000000000000000000000000000000000000000000000000000000000000000000000000000000.000000
drawImplementation
-0.995067,	0.023724,	-0.096323,	0.000000
-0.099202,	-0.237969,	0.966193,	0.000000
-0.000000,	0.970983,	0.239149,	0.000000
0.394231,	0.945696,	-3.839680,	1.000000
rotate: 0.030631,0.000000,4848759031250354000000000000000000000000000000000000000000000000000000000000000000000000000000000000000000000000000000000000000000000000000000000000000000000000000000000000000000000000000000000000000000000000000.000000
drawImplementation
-0.995067,	0.023724,	-0.096323,	0.000000
-0.099202,	-0.237969,	0.966193,	0.000000
-0.000000,	0.970983,	0.239149,	0.000000
0.394231,	0.945696,	-3.839680,	1.000000
rotate: 0.030631,0.000000,4848708866685252900000000000000000000000000000000000000000000000000000000000000000000000000000000000000000000000000000000000000000000000000000000000000000000000000000000000000000000000000000000000000000000000000.000000
rotate: 0.030631,0.000000,4848708866685252900000000000000000000000000000000000000000000000000000000000000000000000000000000000000000000000000000000000000000000000000000000000000000000000000000000000000000000000000000000000000000000000000.000000
drawImplementation
-0.995067,	0.023724,	-0.096323,	0.000000
-0.099202,	-0.237969,	0.966193,	0.000000
-0.000000,	0.970983,	0.239149,	0.000000
0.394231,	0.945696,	-3.839680,	1.000000
rotate: 0.030631,0.000000,4848759031250354000000000000000000000000000000000000000000000000000000000000000000000000000000000000000000000000000000000000000000000000000000000000000000000000000000000000000000000000000000000000000000000000000.000000
drawImplementation
-0.995067,	0.023724,	-0.096323,	0.000000
-0.099202,	-0.237969,	0.966193,	0.000000
-0.000000,	0.970983,	0.239149,	0.000000
0.394231,	0.945696,	-3.839680,	1.000000
rotate: 0.030631,0.000000,4848708866685252900000000000000000000000000000000000000000000000000000000000000000000000000000000000000000000000000000000000000000000000000000000000000000000000000000000000000000000000000000000000000000000000000.000000
drawImplementation
-0.995067,	0.023724,	-0.096323,	0.000000
-0.099202,	-0.237969,	0.966193,	0.000000
-0.000000,	0.970983,	0.239149,	0.000000
0.394231,	0.945696,	-3.839680,	1.000000
rotate: 0.030631,0.000000,4848759031250354000000000000000000000000000000000000000000000000000000000000000000000000000000000000000000000000000000000000000000000000000000000000000000000000000000000000000000000000000000000000000000000000000.000000
drawImplementation
-0.995067,	0.023724,	-0.096323,	0.000000
-0.099202,	-0.237969,	0.966193,	0.000000
-0.000000,	0.970983,	0.239149,	0.000000
0.394231,	0.945696,	-3.839680,	1.000000
rotate: 0.030631,0.000000,4848708866685252900000000000000000000000000000000000000000000000000000000000000000000000000000000000000000000000000000000000000000000000000000000000000000000000000000000000000000000000000000000000000000000000000.000000
rotate: 0.030631,0.000000,4848708866685252900000000000000000000000000000000000000000000000000000000000000000000000000000000000000000000000000000000000000000000000000000000000000000000000000000000000000000000000000000000000000000000000000.000000
drawImplementation
-0.995067,	0.023724,	-0.096323,	0.000000
-0.099202,	-0.237969,	0.966193,	0.000000
-0.000000,	0.970983,	0.239149,	0.000000
0.394231,	0.945696,	-3.839680,	1.000000
rotate: 0.030631,0.000000,4848759031250354000000000000000000000000000000000000000000000000000000000000000000000000000000000000000000000000000000000000000000000000000000000000000000000000000000000000000000000000000000000000000000000000000.000000
drawImplementation
-0.995067,	0.023724,	-0.096323,	0.000000
-0.099202,	-0.237969,	0.966193,	0.000000
-0.000000,	0.970983,	0.239149,	0.000000
0.394231,	0.945696,	-3.839680,	1.000000
rotate: 0.030631,0.000000,4848708866685252900000000000000000000000000000000000000000000000000000000000000000000000000000000000000000000000000000000000000000000000000000000000000000000000000000000000000000000000000000000000000000000000000.000000
rotate: 0.062623,0.000000,4848708866685252900000000000000000000000000000000000000000000000000000000000000000000000000000000000000000000000000000000000000000000000000000000000000000000000000000000000000000000000000000000000000000000000000.000000
rotate: 0.075493,0.000000,4848708866685252900000000000000000000000000000000000000000000000000000000000000000000000000000000000000000000000000000000000000000000000000000000000000000000000000000000000000000000000000000000000000000000000000.000000
drawImplementation
-0.964507,	0.094457,	-0.246584,	0.000000
-0.264057,	-0.345019,	0.900686,	0.000000
-0.000000,	0.933831,	0.357716,	0.000000
1.049368,	1.371116,	-3.579353,	1.000000
rotate: 0.075493,0.000000,4848759031250354000000000000000000000000000000000000000000000000000000000000000000000000000000000000000000000000000000000000000000000000000000000000000000000000000000000000000000000000000000000000000000000000000.000000
drawImplementation
-0.964507,	0.094457,	-0.246584,	0.000000
-0.264057,	-0.345019,	0.900686,	0.000000
-0.000000,	0.933831,	0.357716,	0.000000
1.049368,	1.371116,	-3.579353,	1.000000
rotate: 0.075493,0.000000,4848708866685252900000000000000000000000000000000000000000000000000000000000000000000000000000000000000000000000000000000000000000000000000000000000000000000000000000000000000000000000000000000000000000000000000.000000
drawImplementation
-0.964507,	0.094457,	-0.246584,	0.000000
-0.264057,	-0.345019,	0.900686,	0.000000
-0.000000,	0.933831,	0.357716,	0.000000
1.049368,	1.371116,	-3.579353,	1.000000
rotate: 0.075493,0.000000,4848759031250354000000000000000000000000000000000000000000000000000000000000000000000000000000000000000000000000000000000000000000000000000000000000000000000000000000000000000000000000000000000000000000000000000.000000
drawImplementation
-0.964507,	0.094457,	-0.246584,	0.000000
-0.264057,	-0.345019,	0.900686,	0.000000
-0.000000,	0.933831,	0.357716,	0.000000
1.049368,	1.371116,	-3.579353,	1.000000
rotate: 0.075493,0.000000,4848708866685252900000000000000000000000000000000000000000000000000000000000000000000000000000000000000000000000000000000000000000000000000000000000000000000000000000000000000000000000000000000000000000000000000.000000
rotate: 0.087414,0.000000,4848708866685252900000000000000000000000000000000000000000000000000000000000000000000000000000000000000000000000000000000000000000000000000000000000000000000000000000000000000000000000000000000000000000000000000.000000
rotate: 0.095063,0.000000,4848708866685252900000000000000000000000000000000000000000000000000000000000000000000000000000000000000000000000000000000000000000000000000000000000000000000000000000000000000000000000000000000000000000000000000.000000
drawImplementation
-0.939616,	0.137357,	-0.313455,	0.000000
-0.342230,	-0.377123,	0.860615,	0.000000
-0.000000,	0.915921,	0.401358,	0.000000
1.360030,	1.498696,	-3.420107,	1.000000
rotate: 0.095063,0.000000,4848759031250354000000000000000000000000000000000000000000000000000000000000000000000000000000000000000000000000000000000000000000000000000000000000000000000000000000000000000000000000000000000000000000000000000.000000
drawImplementation
-0.939616,	0.137357,	-0.313455,	0.000000
-0.342230,	-0.377123,	0.860615,	0.000000
-0.000000,	0.915921,	0.401358,	0.000000
1.360030,	1.498696,	-3.420107,	1.000000
rotate: 0.095063,0.000000,4848708866685252900000000000000000000000000000000000000000000000000000000000000000000000000000000000000000000000000000000000000000000000000000000000000000000000000000000000000000000000000000000000000000000000000.000000
rotate: 0.103049,0.000000,4848708866685252900000000000000000000000000000000000000000000000000000000000000000000000000000000000000000000000000000000000000000000000000000000000000000000000000000000000000000000000000000000000000000000000000.000000
rotate: 0.110162,0.000000,4848708866685252900000000000000000000000000000000000000000000000000000000000000000000000000000000000000000000000000000000000000000000000000000000000000000000000000000000000000000000000000000000000000000000000000.000000
drawImplementation
-0.914966,	0.173171,	-0.364485,	0.000000
-0.403531,	-0.392647,	0.826433,	0.000000
-0.000000,	0.903239,	0.429138,	0.000000
1.603645,	1.560388,	-3.284267,	1.000000
rotate: 0.110162,0.000000,4848759031250354000000000000000000000000000000000000000000000000000000000000000000000000000000000000000000000000000000000000000000000000000000000000000000000000000000000000000000000000000000000000000000000000000.000000
drawImplementation
-0.914966,	0.173171,	-0.364485,	0.000000
-0.403531,	-0.392647,	0.826433,	0.000000
-0.000000,	0.903239,	0.429138,	0.000000
1.603645,	1.560388,	-3.284267,	1.000000
rotate: 0.110162,0.000000,4848708866685252900000000000000000000000000000000000000000000000000000000000000000000000000000000000000000000000000000000000000000000000000000000000000000000000000000000000000000000000000000000000000000000000000.000000
rotate: 0.127065,0.000000,4848708866685252900000000000000000000000000000000000000000000000000000000000000000000000000000000000000000000000000000000000000000000000000000000000000000000000000000000000000000000000000000000000000000000000000.000000
rotate: 0.144028,0.000000,4848708866685252900000000000000000000000000000000000000000000000000000000000000000000000000000000000000000000000000000000000000000000000000000000000000000000000000000000000000000000000000000000000000000000000000.000000
drawImplementation
-0.848030,	0.240594,	-0.472186,	0.000000
-0.529949,	-0.385002,	0.755598,	0.000000
-0.000000,	0.891004,	0.453996,	0.000000
2.106030,	1.530008,	-3.002768,	1.000000
rotate: 0.144028,0.000000,4848759031250354000000000000000000000000000000000000000000000000000000000000000000000000000000000000000000000000000000000000000000000000000000000000000000000000000000000000000000000000000000000000000000000000000.000000
drawImplementation
-0.848030,	0.240594,	-0.472186,	0.000000
-0.529949,	-0.385002,	0.755598,	0.000000
-0.000000,	0.891004,	0.453996,	0.000000
2.106030,	1.530008,	-3.002768,	1.000000
rotate: 0.144028,0.000000,4848708866685252900000000000000000000000000000000000000000000000000000000000000000000000000000000000000000000000000000000000000000000000000000000000000000000000000000000000000000000000000000000000000000000000000.000000
rotate: 0.148339,0.000000,4848708866685252900000000000000000000000000000000000000000000000000000000000000000000000000000000000000000000000000000000000000000000000000000000000000000000000000000000000000000000000000000000000000000000000000.000000
rotate: 0.153810,0.000000,4848708866685252900000000000000000000000000000000000000000000000000000000000000000000000000000000000000000000000000000000000000000000000000000000000000000000000000000000000000000000000000000000000000000000000000.000000
drawImplementation
-0.826687,	0.255446,	-0.501334,	0.000000
-0.562662,	-0.375312,	0.736581,	0.000000
0.000000,	0.891004,	0.453996,	0.000000
2.236034,	1.491501,	-2.927196,	1.000000
rotate: 0.153810,0.000000,4848759031250354000000000000000000000000000000000000000000000000000000000000000000000000000000000000000000000000000000000000000000000000000000000000000000000000000000000000000000000000000000000000000000000000000.000000
drawImplementation
-0.826687,	0.255446,	-0.501334,	0.000000
-0.562662,	-0.375312,	0.736581,	0.000000
0.000000,	0.891004,	0.453996,	0.000000
2.236034,	1.491501,	-2.927196,	1.000000
rotate: 0.153810,0.000000,4848708866685252900000000000000000000000000000000000000000000000000000000000000000000000000000000000000000000000000000000000000000000000000000000000000000000000000000000000000000000000000000000000000000000000000.000000
drawImplementation
-0.826687,	0.255446,	-0.501334,	0.000000
-0.562662,	-0.375312,	0.736581,	0.000000
0.000000,	0.891004,	0.453996,	0.000000
2.236034,	1.491501,	-2.927196,	1.000000
rotate: 0.153810,0.000000,4848759031250354000000000000000000000000000000000000000000000000000000000000000000000000000000000000000000000000000000000000000000000000000000000000000000000000000000000000000000000000000000000000000000000000000.000000
drawImplementation
-0.826687,	0.255446,	-0.501334,	0.000000
-0.562662,	-0.375312,	0.736581,	0.000000
0.000000,	0.891004,	0.453996,	0.000000
2.236034,	1.491501,	-2.927196,	1.000000
rotate: 0.153810,0.000000,4848708866685252900000000000000000000000000000000000000000000000000000000000000000000000000000000000000000000000000000000000000000000000000000000000000000000000000000000000000000000000000000000000000000000000000.000000
drawImplementation
-0.826687,	0.255446,	-0.501334,	0.000000
-0.562662,	-0.375312,	0.736581,	0.000000
0.000000,	0.891004,	0.453996,	0.000000
2.236034,	1.491501,	-2.927196,	1.000000
rotate: 0.153810,0.000000,4848759031250354000000000000000000000000000000000000000000000000000000000000000000000000000000000000000000000000000000000000000000000000000000000000000000000000000000000000000000000000000000000000000000000000000.000000
drawImplementation
-0.826687,	0.255446,	-0.501334,	0.000000
-0.562662,	-0.375312,	0.736581,	0.000000
0.000000,	0.891004,	0.453996,	0.000000
2.236034,	1.491501,	-2.927196,	1.000000
rotate: 0.153810,0.000000,4848708866685252900000000000000000000000000000000000000000000000000000000000000000000000000000000000000000000000000000000000000000000000000000000000000000000000000000000000000000000000000000000000000000000000000.000000
drawImplementation
-0.826687,	0.255446,	-0.501334,	0.000000
-0.562662,	-0.375312,	0.736581,	0.000000
0.000000,	0.891004,	0.453996,	0.000000
2.236034,	1.491501,	-2.927196,	1.000000
rotate: 0.153810,0.000000,4848759031250354000000000000000000000000000000000000000000000000000000000000000000000000000000000000000000000000000000000000000000000000000000000000000000000000000000000000000000000000000000000000000000000000000.000000
drawImplementation
-0.826687,	0.255446,	-0.501334,	0.000000
-0.562662,	-0.375312,	0.736581,	0.000000
0.000000,	0.891004,	0.453996,	0.000000
2.236034,	1.491501,	-2.927196,	1.000000
rotate: 0.153810,0.000000,4848708866685252900000000000000000000000000000000000000000000000000000000000000000000000000000000000000000000000000000000000000000000000000000000000000000000000000000000000000000000000000000000000000000000000000.000000
rotate: 0.163829,0.000000,4848708866685252900000000000000000000000000000000000000000000000000000000000000000000000000000000000000000000000000000000000000000000000000000000000000000000000000000000000000000000000000000000000000000000000000.000000
drawImplementation
-0.814403,	0.244619,	-0.526221,	0.000000
-0.580299,	-0.343303,	0.738509,	0.000000
-0.000000,	0.906810,	0.421539,	0.000000
2.306125,	1.364295,	-2.934857,	1.000000
rotate: 0.163829,0.000000,4848759031250354000000000000000000000000000000000000000000000000000000000000000000000000000000000000000000000000000000000000000000000000000000000000000000000000000000000000000000000000000000000000000000000000000.000000
drawImplementation
-0.814403,	0.244619,	-0.526221,	0.000000
-0.580299,	-0.343303,	0.738509,	0.000000
-0.000000,	0.906810,	0.421539,	0.000000
2.306125,	1.364295,	-2.934857,	1.000000
rotate: 0.163829,0.000000,4848708866685252900000000000000000000000000000000000000000000000000000000000000000000000000000000000000000000000000000000000000000000000000000000000000000000000000000000000000000000000000000000000000000000000000.000000
rotate: 0.169135,0.000000,4848708866685252900000000000000000000000000000000000000000000000000000000000000000000000000000000000000000000000000000000000000000000000000000000000000000000000000000000000000000000000000000000000000000000000000.000000
rotate: 0.169135,0.000000,4848708866685252900000000000000000000000000000000000000000000000000000000000000000000000000000000000000000000000000000000000000000000000000000000000000000000000000000000000000000000000000000000000000000000000000.000000
drawImplementation
-0.808064,	0.237893,	-0.538924,	0.000000
-0.589094,	-0.326320,	0.739245,	0.000000
-0.000000,	0.914834,	0.403829,	0.000000
2.341077,	1.296805,	-2.937781,	1.000000
rotate: 0.169135,0.000000,4848759031250354000000000000000000000000000000000000000000000000000000000000000000000000000000000000000000000000000000000000000000000000000000000000000000000000000000000000000000000000000000000000000000000000000.000000
drawImplementation
-0.808064,	0.237893,	-0.538924,	0.000000
-0.589094,	-0.326320,	0.739245,	0.000000
-0.000000,	0.914834,	0.403829,	0.000000
2.341077,	1.296805,	-2.937781,	1.000000
rotate: 0.169135,0.000000,4848708866685252900000000000000000000000000000000000000000000000000000000000000000000000000000000000000000000000000000000000000000000000000000000000000000000000000000000000000000000000000000000000000000000000000.000000
drawImplementation
-0.808064,	0.237893,	-0.538924,	0.000000
-0.589094,	-0.326320,	0.739245,	0.000000
-0.000000,	0.914834,	0.403829,	0.000000
2.341077,	1.296805,	-2.937781,	1.000000
rotate: 0.169135,0.000000,4848759031250354000000000000000000000000000000000000000000000000000000000000000000000000000000000000000000000000000000000000000000000000000000000000000000000000000000000000000000000000000000000000000000000000000.000000
drawImplementation
-0.808064,	0.237893,	-0.538924,	0.000000
-0.589094,	-0.326320,	0.739245,	0.000000
-0.000000,	0.914834,	0.403829,	0.000000
2.341077,	1.296805,	-2.937781,	1.000000
rotate: 0.169135,0.000000,4848708866685252900000000000000000000000000000000000000000000000000000000000000000000000000000000000000000000000000000000000000000000000000000000000000000000000000000000000000000000000000000000000000000000000000.000000
rotate: 0.169135,0.000000,4848708866685252900000000000000000000000000000000000000000000000000000000000000000000000000000000000000000000000000000000000000000000000000000000000000000000000000000000000000000000000000000000000000000000000000.000000
rotate: 0.169135,0.000000,4848708866685252900000000000000000000000000000000000000000000000000000000000000000000000000000000000000000000000000000000000000000000000000000000000000000000000000000000000000000000000000000000000000000000000000.000000
drawImplementation
-0.808064,	0.237893,	-0.538924,	0.000000
-0.589094,	-0.326320,	0.739245,	0.000000
-0.000000,	0.914834,	0.403829,	0.000000
2.341077,	1.296805,	-2.937781,	1.000000
rotate: 0.169135,0.000000,4848759031250354000000000000000000000000000000000000000000000000000000000000000000000000000000000000000000000000000000000000000000000000000000000000000000000000000000000000000000000000000000000000000000000000000.000000
drawImplementation
-0.808064,	0.237893,	-0.538924,	0.000000
-0.589094,	-0.326320,	0.739245,	0.000000
-0.000000,	0.914834,	0.403829,	0.000000
2.341077,	1.296805,	-2.937781,	1.000000
rotate: 0.169135,0.000000,4848708866685252900000000000000000000000000000000000000000000000000000000000000000000000000000000000000000000000000000000000000000000000000000000000000000000000000000000000000000000000000000000000000000000000000.000000
rotate: 0.169135,0.000000,0.000000
drawImplementation
-0.808064,	0.237893,	-0.538924,	0.000000
-0.589094,	-0.326320,	0.739245,	0.000000
-0.000000,	0.914834,	0.403829,	0.000000
3.059929,	-115.970501,	-49.293603,	1.000000
rotate: 0.169135,0.000000,4848759031250354000000000000000000000000000000000000000000000000000000000000000000000000000000000000000000000000000000000000000000000000000000000000000000000000000000000000000000000000000000000000000000000000000.000000
drawImplementation
-0.808064,	0.237893,	-0.538924,	0.000000
-0.589094,	-0.326320,	0.739245,	0.000000
-0.000000,	0.914834,	0.403829,	0.000000
3.059929,	-115.970501,	-49.293603,	1.000000
rotate: 0.169135,0.000000,4848708866685252900000000000000000000000000000000000000000000000000000000000000000000000000000000000000000000000000000000000000000000000000000000000000000000000000000000000000000000000000000000000000000000000000.000000
drawImplementation
-0.808064,	0.237893,	-0.538924,	0.000000
-0.589094,	-0.326320,	0.739245,	0.000000
-0.000000,	0.914834,	0.403829,	0.000000
3.059929,	-115.970501,	-49.293603,	1.000000
rotate: 0.169135,0.000000,4848759031250354000000000000000000000000000000000000000000000000000000000000000000000000000000000000000000000000000000000000000000000000000000000000000000000000000000000000000000000000000000000000000000000000000.000000
drawImplementation
-0.808064,	0.237893,	-0.538924,	0.000000
-0.589094,	-0.326320,	0.739245,	0.000000
-0.000000,	0.914834,	0.403829,	0.000000
3.059929,	-115.970501,	-49.293603,	1.000000
rotate: 0.169135,0.000000,4848708866685252900000000000000000000000000000000000000000000000000000000000000000000000000000000000000000000000000000000000000000000000000000000000000000000000000000000000000000000000000000000000000000000000000.000000
drawImplementation
-0.808064,	0.237893,	-0.538924,	0.000000
-0.589094,	-0.326320,	0.739245,	0.000000
-0.000000,	0.914834,	0.403829,	0.000000
3.059929,	-115.970501,	-49.293603,	1.000000
rotate: 0.169135,0.000000,4848759031250354000000000000000000000000000000000000000000000000000000000000000000000000000000000000000000000000000000000000000000000000000000000000000000000000000000000000000000000000000000000000000000000000000.000000
drawImplementation
-0.808064,	0.237893,	-0.538924,	0.000000
-0.589094,	-0.326320,	0.739245,	0.000000
-0.000000,	0.914834,	0.403829,	0.000000
