rotate: 0.000000,0.000000,-0.000000
drawImplementation
-1.000000,	0.000000,	0.000000,	0.000000
0.000000,	0.000000,	1.000000,	0.000000
0.000000,	1.000000,	0.000000,	0.000000
0.000000,	0.000000,	-3.974028,	1.000000
rotate: 0.000000,0.000000,-0.000000
drawImplementation
-1.000000,	0.000000,	0.000000,	0.000000
0.000000,	0.000000,	1.000000,	0.000000
0.000000,	1.000000,	0.000000,	0.000000
0.000000,	0.000000,	-3.974028,	1.000000
rotate: 0.000000,0.000000,-0.000000
rotate: 0.000000,0.000000,-0.000000
drawImplementation
-1.000000,	0.000000,	0.000000,	0.000000
0.000000,	0.000000,	1.000000,	0.000000
0.000000,	1.000000,	0.000000,	0.000000
0.000000,	0.000000,	-3.974028,	1.000000
rotate: 0.000000,0.000000,-0.000000
rotate: 0.000000,0.000000,-0.000000
drawImplementation
-1.000000,	0.000000,	0.000000,	0.000000
0.000000,	0.000000,	1.000000,	0.000000
0.000000,	1.000000,	0.000000,	0.000000
0.000000,	0.000000,	-3.974028,	1.000000
rotate: 0.000000,0.000000,-0.000000
rotate: 0.000000,0.000000,-0.000000
drawImplementation
-1.000000,	0.000000,	0.000000,	0.000000
0.000000,	0.000000,	1.000000,	0.000000
0.000000,	1.000000,	0.000000,	0.000000
0.000000,	0.000000,	-3.974028,	1.000000
rotate: 0.000000,0.000000,-0.000000
rotate: 0.000000,0.000000,-0.000000
drawImplementation
-1.000000,	0.000000,	0.000000,	0.000000
0.000000,	0.000000,	1.000000,	0.000000
0.000000,	1.000000,	0.000000,	0.000000
0.000000,	0.000000,	-3.974028,	1.000000
rotate: 0.000000,0.000000,-0.000000
rotate: 0.000000,0.000000,-0.000000
drawImplementation
-1.000000,	0.000000,	0.000000,	0.000000
0.000000,	0.000000,	1.000000,	0.000000
0.000000,	1.000000,	0.000000,	0.000000
0.000000,	0.000000,	-3.974028,	1.000000
rotate: 0.000000,0.000000,-0.000000
rotate: 0.000000,0.000000,-0.000000
drawImplementation
-1.000000,	0.000000,	0.000000,	0.000000
0.000000,	0.000000,	1.000000,	0.000000
0.000000,	1.000000,	0.000000,	0.000000
0.000000,	0.000000,	-3.974028,	1.000000
rotate: 0.000000,0.000000,-0.000000
rotate: 0.000000,0.000000,-0.000000
rotate: 0.000000,0.000000,-0.000000
drawImplementation
-1.000000,	0.000000,	0.000000,	0.000000
0.000000,	0.000000,	1.000000,	0.000000
0.000000,	1.000000,	0.000000,	0.000000
0.000000,	0.000000,	-3.974028,	1.000000
rotate: 0.000000,0.000000,-0.000000
rotate: 0.000000,0.000000,-0.000000
drawImplementation
-1.000000,	0.000000,	0.000000,	0.000000
0.000000,	0.000000,	1.000000,	0.000000
0.000000,	1.000000,	0.000000,	0.000000
0.000000,	0.000000,	-3.974028,	1.000000
rotate: 0.000000,0.000000,-0.000000
rotate: 0.000000,0.000000,-0.000000
drawImplementation
-1.000000,	0.000000,	0.000000,	0.000000
0.000000,	0.000000,	1.000000,	0.000000
0.000000,	1.000000,	0.000000,	0.000000
0.000000,	0.000000,	-3.974028,	1.000000
rotate: 0.000000,0.000000,-0.000000
rotate: 0.000000,0.000000,-0.000000
drawImplementation
-1.000000,	0.000000,	0.000000,	0.000000
0.000000,	0.000000,	1.000000,	0.000000
0.000000,	1.000000,	0.000000,	0.000000
0.000000,	0.000000,	-3.974028,	1.000000
rotate: 0.000000,0.000000,-0.000000
rotate: 0.000000,0.000000,-0.000000
drawImplementation
-1.000000,	0.000000,	0.000000,	0.000000
0.000000,	0.000000,	1.000000,	0.000000
0.000000,	1.000000,	0.000000,	0.000000
0.000000,	0.000000,	-3.974028,	1.000000
rotate: 0.000000,0.000000,-0.000000
rotate: 0.000000,0.000000,-0.000000
drawImplementation
-1.000000,	0.000000,	0.000000,	0.000000
0.000000,	0.000000,	1.000000,	0.000000
0.000000,	1.000000,	0.000000,	0.000000
0.000000,	0.000000,	-3.974028,	1.000000
rotate: 0.000000,0.000000,-0.000000
drawImplementation
-1.000000,	0.000000,	0.000000,	0.000000
0.000000,	0.000000,	1.000000,	0.000000
0.000000,	1.000000,	0.000000,	0.000000
0.000000,	0.000000,	-3.974028,	1.000000
rotate: 0.000000,0.000000,-0.000000
drawImplementation
-1.000000,	0.000000,	0.000000,	0.000000
0.000000,	0.000000,	1.000000,	0.000000
0.000000,	1.000000,	0.000000,	0.000000
0.000000,	0.000000,	-3.974028,	1.000000
rotate: 0.000000,0.000000,-0.000000
drawImplementation
-1.000000,	0.000000,	0.000000,	0.000000
0.000000,	0.000000,	1.000000,	0.000000
0.000000,	1.000000,	0.000000,	0.000000
0.000000,	0.000000,	-3.974028,	1.000000
rotate: 0.000000,0.000000,-0.000000
drawImplementation
-1.000000,	0.000000,	0.000000,	0.000000
0.000000,	0.000000,	1.000000,	0.000000
0.000000,	1.000000,	0.000000,	0.000000
0.000000,	0.000000,	-3.974028,	1.000000
rotate: 0.000000,0.000000,-0.000000
drawImplementation
-1.000000,	0.000000,	0.000000,	0.000000
0.000000,	0.000000,	1.000000,	0.000000
0.000000,	1.000000,	0.000000,	0.000000
0.000000,	0.000000,	-3.974028,	1.000000
rotate: 0.000000,0.000000,-0.000000
drawImplementation
-1.000000,	0.000000,	0.000000,	0.000000
0.000000,	0.000000,	1.000000,	0.000000
0.000000,	1.000000,	0.000000,	0.000000
0.000000,	0.000000,	-3.974028,	1.000000
rotate: 0.000000,0.000000,-0.000000
drawImplementation
-1.000000,	0.000000,	0.000000,	0.000000
0.000000,	0.000000,	1.000000,	0.000000
0.000000,	1.000000,	0.000000,	0.000000
0.000000,	0.000000,	-3.974028,	1.000000
rotate: 0.000000,0.000000,-0.000000
drawImplementation
-1.000000,	0.000000,	0.000000,	0.000000
0.000000,	0.000000,	1.000000,	0.000000
0.000000,	1.000000,	0.000000,	0.000000
0.000000,	0.000000,	-3.974028,	1.000000
rotate: 0.000000,0.000000,-0.000000
drawImplementation
-1.000000,	0.000000,	0.000000,	0.000000
0.000000,	0.000000,	1.000000,	0.000000
0.000000,	1.000000,	0.000000,	0.000000
0.000000,	0.000000,	-3.974028,	1.000000
rotate: 0.000000,0.000000,-0.000000
drawImplementation
-1.000000,	0.000000,	0.000000,	0.000000
0.000000,	0.000000,	1.000000,	0.000000
0.000000,	1.000000,	0.000000,	0.000000
0.000000,	0.000000,	-3.974028,	1.000000
rotate: 0.000000,0.000000,-0.000000
drawImplementation
-1.000000,	0.000000,	0.000000,	0.000000
0.000000,	0.000000,	1.000000,	0.000000
0.000000,	1.000000,	0.000000,	0.000000
0.000000,	0.000000,	-3.974028,	1.000000
rotate: 0.000000,0.000000,-0.000000
rotate: 0.000000,0.000000,-0.000000
drawImplementation
-1.000000,	0.000000,	0.000000,	0.000000
0.000000,	0.000000,	1.000000,	0.000000
0.000000,	1.000000,	0.000000,	0.000000
0.000000,	0.000000,	-3.974028,	1.000000
rotate: 0.000000,0.000000,-0.000000
rotate: 0.000000,0.000000,-0.000000
drawImplementation
-1.000000,	0.000000,	0.000000,	0.000000
0.000000,	0.000000,	1.000000,	0.000000
0.000000,	1.000000,	0.000000,	0.000000
0.000000,	0.000000,	-3.974028,	1.000000
rotate: 0.000000,0.000000,-0.000000
rotate: 0.000000,0.000000,-0.000000
rotate: 0.000000,0.000000,-0.000000
drawImplementation
-1.000000,	0.000000,	0.000000,	0.000000
0.000000,	0.000000,	1.000000,	0.000000
0.000000,	1.000000,	0.000000,	0.000000
0.000000,	0.000000,	-3.974028,	1.000000
rotate: 0.000000,0.000000,-0.000000
rotate: 0.000000,0.000000,-0.000000
drawImplementation
-1.000000,	0.000000,	0.000000,	0.000000
0.000000,	-0.097069,	0.995278,	0.000000
0.000000,	0.995278,	0.097069,	0.000000
0.000000,	0.385755,	-3.955262,	1.000000
rotate: 0.000000,0.000000,-0.000000
rotate: 0.004955,0.000000,-0.000000
drawImplementation
-0.999872,	0.003696,	-0.015551,	0.000000
-0.015984,	-0.231176,	0.972781,	0.000000
0.000000,	0.972905,	0.231205,	0.000000
0.063520,	0.918699,	-3.865858,	1.000000
rotate: 0.004955,0.000000,-0.000000
rotate: 0.009219,0.000000,-0.000000
drawImplementation
-0.999483,	0.011027,	-0.030212,	0.000000
-0.032161,	-0.342691,	0.938898,	0.000000
0.000000,	0.939384,	0.342868,	0.000000
0.127810,	1.361863,	-3.731206,	1.000000
rotate: 0.009219,0.000000,-0.000000
rotate: 0.010869,0.000000,-0.000000
drawImplementation
-0.999260,	0.013884,	-0.035859,	0.000000
-0.038453,	-0.360801,	0.931850,	0.000000
-0.000000,	0.932540,	0.361068,	0.000000
0.152815,	1.433831,	-3.703198,	1.000000
rotate: 0.010869,0.000000,-0.000000
drawImplementation
-0.999260,	0.013884,	-0.035859,	0.000000
-0.038453,	-0.360801,	0.931850,	0.000000
-0.000000,	0.932540,	0.361068,	0.000000
0.152815,	1.433831,	-3.703198,	1.000000
rotate: 0.010869,0.000000,-0.000000
drawImplementation
-0.999260,	0.013884,	-0.035859,	0.000000
-0.038453,	-0.360801,	0.931850,	0.000000
-0.000000,	0.932540,	0.361068,	0.000000
0.152815,	1.433831,	-3.703198,	1.000000
rotate: 0.010869,0.000000,-0.000000
drawImplementation
-0.999260,	0.013884,	-0.035859,	0.000000
-0.038453,	-0.360801,	0.931850,	0.000000
-0.000000,	0.932540,	0.361068,	0.000000
0.152815,	1.433831,	-3.703198,	1.000000
rotate: 0.010869,0.000000,-0.000000
drawImplementation
-0.999260,	0.013884,	-0.035859,	0.000000
-0.038453,	-0.360801,	0.931850,	0.000000
-0.000000,	0.932540,	0.361068,	0.000000
0.152815,	1.433831,	-3.703198,	1.000000
rotate: 0.010869,0.000000,-0.000000
drawImplementation
-0.999260,	0.013884,	-0.035859,	0.000000
-0.038453,	-0.360801,	0.931850,	0.000000
-0.000000,	0.932540,	0.361068,	0.000000
0.152815,	1.433831,	-3.703198,	1.000000
rotate: 0.010869,0.000000,-0.000000
drawImplementation
-0.999260,	0.013884,	-0.035859,	0.000000
-0.038453,	-0.360801,	0.931850,	0.000000
-0.000000,	0.932540,	0.361068,	0.000000
0.152815,	1.433831,	-3.703198,	1.000000
rotate: 0.010869,0.000000,-0.000000
drawImplementation
-0.999260,	0.013884,	-0.035859,	0.000000
-0.038453,	-0.360801,	0.931850,	0.000000
-0.000000,	0.932540,	0.361068,	0.000000
0.152815,	1.433831,	-3.703198,	1.000000
rotate: 0.010869,0.000000,-0.000000
drawImplementation
-0.999260,	0.013884,	-0.035859,	0.000000
-0.038453,	-0.360801,	0.931850,	0.000000
-0.000000,	0.932540,	0.361068,	0.000000
0.152815,	1.433831,	-3.703198,	1.000000
rotate: 0.010869,0.000000,-0.000000
drawImplementation
-0.999260,	0.013884,	-0.035859,	0.000000
-0.038453,	-0.360801,	0.931850,	0.000000
-0.000000,	0.932540,	0.361068,	0.000000
0.152815,	1.433831,	-3.703198,	1.000000
rotate: 0.010869,0.000000,-0.000000
rotate: 0.011936,0.000000,-0.000000
drawImplementation
-0.999067,	0.016820,	-0.039786,	0.000000
-0.043195,	-0.389025,	0.920214,	0.000000
0.000000,	0.921074,	0.389389,	0.000000
0.171659,	1.545997,	-3.656956,	1.000000
rotate: 0.011936,0.000000,-0.000000
rotate: 0.014483,0.000000,-0.000000
drawImplementation
-0.998522,	0.023505,	-0.049010,	0.000000
-0.054355,	-0.431792,	0.900334,	0.000000
-0.000000,	0.901667,	0.432431,	0.000000
0.216008,	1.715952,	-3.577954,	1.000000
rotate: 0.014483,0.000000,-0.000000
rotate: 0.021952,0.000000,-0.000000
drawImplementation
-0.996060,	0.045290,	-0.076241,	0.000000
-0.088678,	-0.508711,	0.856358,	0.000000
-0.000000,	0.859745,	0.510723,	0.000000
0.352409,	2.021632,	-3.403191,	1.000000
rotate: 0.021952,0.000000,-0.000000
rotate: 0.030127,0.000000,-0.000000
drawImplementation
-0.991619,	0.073232,	-0.106439,	0.000000
-0.129198,	-0.562068,	0.816938,	0.000000
-0.000000,	0.823842,	0.566819,	0.000000
0.513438,	2.233675,	-3.246533,	1.000000
rotate: 0.030127,0.000000,-0.000000
rotate: 0.035947,0.000000,-0.000000
drawImplementation
-0.986614,	0.100104,	-0.128732,	0.000000
-0.163073,	-0.605642,	0.778848,	0.000000
-0.000000,	0.789416,	0.613859,	0.000000
0.648056,	2.406839,	-3.095166,	1.000000
rotate: 0.035947,0.000000,-0.000000
rotate: 0.040591,0.000000,-0.000000
drawImplementation
-0.981810,	0.121074,	-0.146254,	0.000000
-0.189867,	-0.626082,	0.756288,	0.000000
-0.000000,	0.770300,	0.637681,	0.000000
0.754535,	2.488067,	-3.005512,	1.000000
rotate: 0.040591,0.000000,-0.000000
drawImplementation
-0.981810,	0.121074,	-0.146254,	0.000000
-0.189867,	-0.626082,	0.756288,	0.000000
-0.000000,	0.770300,	0.637681,	0.000000
0.754535,	2.488067,	-3.005512,	1.000000
rotate: 0.040591,0.000000,-0.000000
drawImplementation
-0.981810,	0.121074,	-0.146254,	0.000000
-0.189867,	-0.626082,	0.756288,	0.000000
-0.000000,	0.770300,	0.637681,	0.000000
0.754535,	2.488067,	-3.005512,	1.000000
rotate: 0.040591,0.000000,-0.000000
drawImplementation
-0.981810,	0.121074,	-0.146254,	0.000000
-0.189867,	-0.626082,	0.756288,	0.000000
-0.000000,	0.770300,	0.637681,	0.000000
0.754535,	2.488067,	-3.005512,	1.000000
rotate: 0.040591,0.000000,-0.000000
drawImplementation
-0.981810,	0.121074,	-0.146254,	0.000000
-0.189867,	-0.626082,	0.756288,	0.000000
-0.000000,	0.770300,	0.637681,	0.000000
0.754535,	2.488067,	-3.005512,	1.000000
rotate: 0.040591,0.000000,-0.000000
drawImplementation
-0.981810,	0.121074,	-0.146254,	0.000000
-0.189867,	-0.626082,	0.756288,	0.000000
-0.000000,	0.770300,	0.637681,	0.000000
0.754535,	2.488067,	-3.005512,	1.000000
rotate: 0.040591,0.000000,-0.000000
drawImplementation
-0.981810,	0.121074,	-0.146254,	0.000000
-0.189867,	-0.626082,	0.756288,	0.000000
-0.000000,	0.770300,	0.637681,	0.000000
0.754535,	2.488067,	-3.005512,	1.000000
rotate: 0.040591,0.000000,-0.000000
drawImplementation
-0.981810,	0.121074,	-0.146254,	0.000000
-0.189867,	-0.626082,	0.756288,	0.000000
-0.000000,	0.770300,	0.637681,	0.000000
0.754535,	2.488067,	-3.005512,	1.000000
rotate: 0.040591,0.000000,-0.000000
drawImplementation
-0.981810,	0.121074,	-0.146254,	0.000000
-0.189867,	-0.626082,	0.756288,	0.000000
-0.000000,	0.770300,	0.637681,	0.000000
0.754535,	2.488067,	-3.005512,	1.000000
rotate: 0.040591,0.000000,-0.000000
drawImplementation
-0.981810,	0.121074,	-0.146254,	0.000000
-0.189867,	-0.626082,	0.756288,	0.000000
-0.000000,	0.770300,	0.637681,	0.000000
0.754535,	2.488067,	-3.005512,	1.000000
rotate: 0.040591,0.000000,-0.000000
drawImplementation
-0.981810,	0.121074,	-0.146254,	0.000000
-0.189867,	-0.626082,	0.756288,	0.000000
-0.000000,	0.770300,	0.637681,	0.000000
0.754535,	2.488067,	-3.005512,	1.000000
rotate: 0.040591,0.000000,-0.000000
rotate: 0.040591,0.000000,-0.000000
rotate: 0.040591,0.000000,-0.000000
drawImplementation
-0.981810,	0.121074,	-0.146254,	0.000000
-0.189867,	-0.626082,	0.756288,	0.000000
-0.000000,	0.770300,	0.637681,	0.000000
0.754535,	2.488067,	-3.005512,	1.000000
rotate: 0.040591,0.000000,-0.000000
rotate: 0.040591,0.000000,-0.000000
drawImplementation
-0.981810,	0.121074,	-0.146254,	0.000000
-0.189867,	-0.626082,	0.756288,	0.000000
-0.000000,	0.770300,	0.637681,	0.000000
0.754535,	2.488067,	-3.005512,	1.000000
rotate: 0.040591,0.000000,-0.000000
drawImplementation
-0.981810,	0.121074,	-0.146254,	0.000000
-0.189867,	-0.626082,	0.756288,	0.000000
-0.000000,	0.770300,	0.637681,	0.000000
0.754535,	2.488067,	-3.005512,	1.000000
rotate: 0.040591,0.000000,-0.000000
drawImplementation
-0.981810,	0.121074,	-0.146254,	0.000000
-0.189867,	-0.626082,	0.756288,	0.000000
-0.000000,	0.770300,	0.637681,	0.000000
0.754535,	2.488067,	-3.005512,	1.000000
rotate: 0.040591,0.000000,-0.000000
drawImplementation
-0.981810,	0.121074,	-0.146254,	0.000000
-0.189867,	-0.626082,	0.756288,	0.000000
-0.000000,	0.770300,	0.637681,	0.000000
0.754535,	2.488067,	-3.005512,	1.000000
rotate: 0.040591,0.000000,-0.000000
drawImplementation
-0.981810,	0.121074,	-0.146254,	0.000000
-0.189867,	-0.626082,	0.756288,	0.000000
-0.000000,	0.770300,	0.637681,	0.000000
0.754535,	2.488067,	-3.005512,	1.000000
rotate: 0.040591,0.000000,-0.000000
drawImplementation
-0.981810,	0.121074,	-0.146254,	0.000000
-0.189867,	-0.626082,	0.756288,	0.000000
-0.000000,	0.770300,	0.637681,	0.000000
0.754535,	2.488067,	-3.005512,	1.000000
rotate: 0.040591,0.000000,-0.000000
drawImplementation
-0.981810,	0.121074,	-0.146254,	0.000000
-0.189867,	-0.626082,	0.756288,	0.000000
-0.000000,	0.770300,	0.637681,	0.000000
0.754535,	2.488067,	-3.005512,	1.000000
rotate: 0.040591,0.000000,-0.000000
rotate: 0.040591,0.000000,-0.000000
drawImplementation
-0.981810,	0.121074,	-0.146254,	0.000000
-0.189867,	-0.626082,	0.756288,	0.000000
-0.000000,	0.770300,	0.637681,	0.000000
3.058979,	-97.399344,	-79.935316,	1.000000
rotate: 0.040591,0.000000,-0.000000
drawImplementation
-0.981810,	0.121074,	-0.146254,	0.000000
-0.189867,	-0.626082,	0.756288,	0.000000
-0.000000,	0.770300,	0.637681,	0.000000
3.058979,	-97.399344,	-79.935316,	1.000000
rotate: 0.040591,0.000000,-0.000000
drawImplementation
-0.981810,	0.121074,	-0.146254,	0.000000
-0.189867,	-0.626082,	0.756288,	0.000000
-0.000000,	0.770300,	0.637681,	0.000000
3.058979,	-97.399344,	-79.935316,	1.000000
rotate: 0.040591,0.000000,-0.000000
drawImplementation
-0.981810,	0.121074,	-0.146254,	0.000000
-0.189867,	-0.626082,	0.756288,	0.000000
-0.000000,	0.770300,	0.637681,	0.000000
3.058979,	-97.399344,	-79.935316,	1.000000
rotate: 0.040591,0.000000,-0.000000
drawImplementation
-0.981810,	0.121074,	-0.146254,	0.000000
-0.189867,	-0.626082,	0.756288,	0.000000
-0.000000,	0.770300,	0.637681,	0.000000
3.058979,	-97.399344,	-79.935316,	1.000000
rotate: 0.040591,0.000000,-0.000000
drawImplementation
-0.981810,	0.121074,	-0.146254,	0.000000
-0.189867,	-0.626082,	0.756288,	0.000000
-0.000000,	0.770300,	0.637681,	0.000000
3.058979,	-97.399344,	-79.935316,	1.000000
rotate: 0.040591,0.000000,-0.000000
drawImplementation
-0.981810,	0.121074,	-0.146254,	0.000000
-0.189867,	-0.626082,	0.756288,	0.000000
-0.000000,	0.770300,	0.637681,	0.000000
3.058979,	-97.399344,	-79.935316,	1.000000
rotate: 0.040591,0.000000,-0.000000
drawImplementation
-0.981810,	0.121074,	-0.146254,	0.000000
-0.189867,	-0.626082,	0.756288,	0.000000
-0.000000,	0.770300,	0.637681,	0.000000
3.058979,	-97.399344,	-79.935316,	1.000000
rotate: 0.040591,0.000000,-0.000000
drawImplementation
-0.981810,	0.121074,	-0.146254,	0.000000
-0.189867,	-0.626082,	0.756288,	0.000000
-0.000000,	0.770300,	0.637681,	0.000000
3.058979,	-97.399344,	-79.935316,	1.000000
rotate: 0.040591,0.000000,-0.000000
drawImplementation
-0.981810,	0.121074,	-0.146254,	0.000000
-0.189867,	-0.626082,	0.756288,	0.000000
-0.000000,	0.770300,	0.637681,	0.000000
3.058979,	-97.399344,	-79.935316,	1.000000
rotate: 0.040591,0.000000,-0.000000
drawImplementation
-0.981810,	0.121074,	-0.146254,	0.000000
-0.189867,	-0.626082,	0.756288,	0.000000
-0.000000,	0.770300,	0.637681,	0.000000
3.058979,	-97.399344,	-79.935316,	1.000000
rotate: 0.040591,0.000000,-0.000000
drawImplementation
-0.981810,	0.121074,	-0.146254,	0.000000
-0.189867,	-0.626082,	0.756288,	0.000000
-0.000000,	0.770300,	0.637681,	0.000000
3.058979,	-97.399344,	-79.935316,	1.000000
rotate: 0.040591,0.000000,-0.000000
drawImplementation
-0.981810,	0.121074,	-0.146254,	0.000000
-0.189867,	-0.626082,	0.756288,	0.000000
-0.000000,	0.770300,	0.637681,	0.000000
3.058979,	-97.399344,	-79.935316,	1.000000
rotate: 0.040591,0.000000,-0.000000
drawImplementation
-0.981810,	0.121074,	-0.146254,	0.000000
-0.189867,	-0.626082,	0.756288,	0.000000
-0.000000,	0.770300,	0.637681,	0.000000
3.058979,	-97.399344,	-79.935316,	1.000000
rotate: 0.040591,0.000000,-0.000000
drawImplementation
-0.981810,	0.121074,	-0.146254,	0.000000
-0.189867,	-0.626082,	0.756288,	0.000000
-0.000000,	0.770300,	0.637681,	0.000000
3.058979,	-97.399344,	-79.935316,	1.000000
rotate: 0.040591,0.000000,-0.000000
drawImplementation
-0.981810,	0.121074,	-0.146254,	0.000000
-0.189867,	-0.626082,	0.756288,	0.000000
-0.000000,	0.770300,	0.637681,	0.000000
3.058979,	-97.399344,	-79.935316,	1.000000
rotate: 0.040591,0.000000,-0.000000
rotate: 0.040591,0.000000,-0.000000
drawImplementation
-0.981810,	0.121074,	-0.146254,	0.000000
-0.189867,	-0.626082,	0.756288,	0.000000
-0.000000,	0.770300,	0.637681,	0.000000
5.363422,	-100.228921,	-76.517270,	1.000000
rotate: 0.040591,0.000000,-0.000000
rotate: 0.040591,0.000000,-0.000000
drawImplementation
-0.981810,	0.121074,	-0.146254,	0.000000
-0.189867,	-0.626082,	0.756288,	0.000000
-0.000000,	0.770300,	0.637681,	0.000000
7.667866,	-103.058498,	-73.099224,	1.000000
rotate: 0.040591,0.000000,-0.000000
rotate: 0.040591,0.000000,-0.000000
drawImplementation
-0.981810,	0.121074,	-0.146254,	0.000000
-0.189867,	-0.626082,	0.756288,	0.000000
-0.000000,	0.770300,	0.637681,	0.000000
9.972309,	-105.117774,	-69.043497,	1.000000
rotate: 0.040591,0.000000,-0.000000
rotate: 0.040591,0.000000,-0.000000
rotate: 0.040591,0.000000,-0.000000
drawImplementation
-0.981810,	0.121074,	-0.146254,	0.000000
-0.189867,	-0.626082,	0.756288,	0.000000
-0.000000,	0.770300,	0.637681,	0.000000
12.276753,	-107.947351,	-65.625452,	1.000000
rotate: 0.040591,0.000000,-0.000000
drawImplementation
-0.981810,	0.121074,	-0.146254,	0.000000
-0.189867,	-0.626082,	0.756288,	0.000000
-0.000000,	0.770300,	0.637681,	0.000000
12.276753,	-107.947351,	-65.625452,	1.000000
rotate: 0.040591,0.000000,-0.000000
drawImplementation
-0.981810,	0.121074,	-0.146254,	0.000000
-0.189867,	-0.626082,	0.756288,	0.000000
-0.000000,	0.770300,	0.637681,	0.000000
12.276753,	-107.947351,	-65.625452,	1.000000
rotate: 0.040591,0.000000,-0.000000
drawImplementation
-0.981810,	0.121074,	-0.146254,	0.000000
-0.189867,	-0.626082,	0.756288,	0.000000
-0.000000,	0.770300,	0.637681,	0.000000
12.276753,	-107.947351,	-65.625452,	1.000000
rotate: 0.040591,0.000000,-0.000000
drawImplementation
-0.981810,	0.121074,	-0.146254,	0.000000
-0.189867,	-0.626082,	0.756288,	0.000000
-0.000000,	0.770300,	0.637681,	0.000000
12.276753,	-107.947351,	-65.625452,	1.000000
rotate: 0.040591,0.000000,-0.000000
drawImplementation
-0.981810,	0.121074,	-0.146254,	0.000000
-0.189867,	-0.626082,	0.756288,	0.000000
-0.000000,	0.770300,	0.637681,	0.000000
12.276753,	-107.947351,	-65.625452,	1.000000
rotate: 0.040591,0.000000,-0.000000
drawImplementation
-0.981810,	0.121074,	-0.146254,	0.000000
-0.189867,	-0.626082,	0.756288,	0.000000
-0.000000,	0.770300,	0.637681,	0.000000
12.276753,	-107.947351,	-65.625452,	1.000000
rotate: 0.040591,0.000000,-0.000000
drawImplementation
-0.981810,	0.121074,	-0.146254,	0.000000
-0.189867,	-0.626082,	0.756288,	0.000000
-0.000000,	0.770300,	0.637681,	0.000000
12.276753,	-107.947351,	-65.625452,	1.000000
rotate: 0.040591,0.000000,-0.000000
rotate: 0.040591,0.000000,-0.000000
drawImplementation
-0.981810,	0.121074,	-0.146254,	0.000000
-0.189867,	-0.626082,	0.756288,	0.000000
-0.000000,	0.770300,	0.637681,	0.000000
14.581197,	-109.236328,	-60.932044,	1.000000
rotate: 0.040591,0.000000,-0.000000
drawImplementation
-0.981810,	0.121074,	-0.146254,	0.000000
-0.189867,	-0.626082,	0.756288,	0.000000
-0.000000,	0.770300,	0.637681,	0.000000
14.581197,	-109.236328,	-60.932044,	1.000000
rotate: 0.040591,0.000000,-0.000000
drawImplementation
-0.981810,	0.121074,	-0.146254,	0.000000
-0.189867,	-0.626082,	0.756288,	0.000000
-0.000000,	0.770300,	0.637681,	0.000000
14.581197,	-109.236328,	-60.932044,	1.000000
rotate: 0.040591,0.000000,-0.000000
rotate: 0.040591,0.000000,-0.000000
drawImplementation
-0.981810,	0.121074,	-0.146254,	0.000000
-0.189867,	-0.626082,	0.756288,	0.000000
-0.000000,	0.770300,	0.637681,	0.000000
14.581197,	-109.236328,	-60.932044,	1.000000
rotate: 0.040591,0.000000,-0.000000
drawImplementation
-0.981810,	0.121074,	-0.146254,	0.000000
-0.189867,	-0.626082,	0.756288,	0.000000
-0.000000,	0.770300,	0.637681,	0.000000
14.581197,	-109.236328,	-60.932044,	1.000000
rotate: 0.040591,0.000000,-0.000000
drawImplementation
-0.981810,	0.121074,	-0.146254,	0.000000
-0.189867,	-0.626082,	0.756288,	0.000000
-0.000000,	0.770300,	0.637681,	0.000000
14.581197,	-109.236328,	-60.932044,	1.000000
rotate: 0.040591,0.000000,-0.000000
drawImplementation
-0.981810,	0.121074,	-0.146254,	0.000000
-0.189867,	-0.626082,	0.756288,	0.000000
-0.000000,	0.770300,	0.637681,	0.000000
14.581197,	-109.236328,	-60.932044,	1.000000
rotate: 0.040591,0.000000,-0.000000
drawImplementation
-0.981810,	0.121074,	-0.146254,	0.000000
-0.189867,	-0.626082,	0.756288,	0.000000
-0.000000,	0.770300,	0.637681,	0.000000
14.581197,	-109.236328,	-60.932044,	1.000000
rotate: 0.040591,0.000000,-0.000000
drawImplementation
-0.981810,	0.121074,	-0.146254,	0.000000
-0.189867,	-0.626082,	0.756288,	0.000000
-0.000000,	0.770300,	0.637681,	0.000000
14.581197,	-109.236328,	-60.932044,	1.000000
rotate: 0.040591,0.000000,-0.000000
drawImplementation
-0.981810,	0.121074,	-0.146254,	0.000000
-0.189867,	-0.626082,	0.756288,	0.000000
-0.000000,	0.770300,	0.637681,	0.000000
14.581197,	-109.236328,	-60.932044,	1.000000
rotate: 0.040591,0.000000,-0.000000
drawImplementation
-0.981810,	0.121074,	-0.146254,	0.000000
-0.189867,	-0.626082,	0.756288,	0.000000
-0.000000,	0.770300,	0.637681,	0.000000
14.581197,	-109.236328,	-60.932044,	1.000000
rotate: 0.040591,0.000000,-0.000000
rotate: 0.040591,0.000000,-0.000000
rotate: 0.040591,0.000000,-0.000000
drawImplementation
-0.981810,	0.121074,	-0.146254,	0.000000
-0.189867,	-0.626082,	0.756288,	0.000000
-0.000000,	0.770300,	0.637681,	0.000000
16.885640,	-112.836205,	-58.151679,	1.000000
rotate: 0.040591,0.000000,-0.000000
rotate: 0.040591,0.000000,-0.000000
drawImplementation
-0.981810,	0.121074,	-0.146254,	0.000000
-0.189867,	-0.626082,	0.756288,	0.000000
-0.000000,	0.770300,	0.637681,	0.000000
19.190084,	-114.125181,	-53.458271,	1.000000
rotate: 0.040591,0.000000,-0.000000
rotate: 0.040591,0.000000,-0.000000
rotate: 0.040591,0.000000,-0.000000
rotate: 0.040591,0.000000,-0.000000
rotate: 0.040591,0.000000,-0.000000
rotate: 0.040591,0.000000,-0.000000
rotate: 0.040591,0.000000,-0.000000
drawImplementation
-0.981810,	0.121074,	-0.146254,	0.000000
-0.189867,	-0.626082,	0.756288,	0.000000
-0.000000,	0.770300,	0.637681,	0.000000
21.494527,	-113.873557,	-47.489500,	1.000000
rotate: 0.040591,0.000000,-0.000000
drawImplementation
-0.981810,	0.121074,	-0.146254,	0.000000
-0.189867,	-0.626082,	0.756288,	0.000000
-0.000000,	0.770300,	0.637681,	0.000000
21.494527,	-113.873557,	-47.489500,	1.000000
rotate: 0.040591,0.000000,-0.000000
drawImplementation
-0.981810,	0.121074,	-0.146254,	0.000000
-0.189867,	-0.626082,	0.756288,	0.000000
-0.000000,	0.770300,	0.637681,	0.000000
21.494527,	-113.873557,	-47.489500,	1.000000
rotate: 0.040591,0.000000,-0.000000
drawImplementation
-0.981810,	0.121074,	-0.146254,	0.000000
-0.189867,	-0.626082,	0.756288,	0.000000
-0.000000,	0.770300,	0.637681,	0.000000
21.494527,	-113.873557,	-47.489500,	1.000000
rotate: 0.040591,0.000000,-0.000000
drawImplementation
-0.981810,	0.121074,	-0.146254,	0.000000
-0.189867,	-0.626082,	0.756288,	0.000000
-0.000000,	0.770300,	0.637681,	0.000000
21.494527,	-113.873557,	-47.489500,	1.000000
rotate: 0.040591,0.000000,-0.000000
drawImplementation
-0.981810,	0.121074,	-0.146254,	0.000000
-0.189867,	-0.626082,	0.756288,	0.000000
-0.000000,	0.770300,	0.637681,	0.000000
21.494527,	-113.873557,	-47.489500,	1.000000
rotate: 0.040591,0.000000,-0.000000
drawImplementation
-0.981810,	0.121074,	-0.146254,	0.000000
-0.189867,	-0.626082,	0.756288,	0.000000
-0.000000,	0.770300,	0.637681,	0.000000
21.494527,	-113.873557,	-47.489500,	1.000000
rotate: 0.040591,0.000000,-0.000000
drawImplementation
-0.981810,	0.121074,	-0.146254,	0.000000
-0.189867,	-0.626082,	0.756288,	0.000000
-0.000000,	0.770300,	0.637681,	0.000000
21.494527,	-113.873557,	-47.489500,	1.000000
rotate: 0.040591,0.000000,-0.000000
drawImplementation
-0.981810,	0.121074,	-0.146254,	0.000000
-0.189867,	-0.626082,	0.756288,	0.000000
-0.000000,	0.770300,	0.637681,	0.000000
21.494527,	-113.873557,	-47.489500,	1.000000
rotate: 0.040591,0.000000,-0.000000
drawImplementation
-0.981810,	0.121074,	-0.146254,	0.000000
-0.189867,	-0.626082,	0.756288,	0.000000
-0.000000,	0.770300,	0.637681,	0.000000
21.494527,	-113.873557,	-47.489500,	1.000000
rotate: 0.040591,0.000000,-0.000000
drawImplementation
-0.981810,	0.121074,	-0.146254,	0.000000
-0.189867,	-0.626082,	0.756288,	0.000000
-0.000000,	0.770300,	0.637681,	0.000000
21.494527,	-113.873557,	-47.489500,	1.000000
rotate: 0.040591,0.000000,-0.000000
drawImplementation
-0.981810,	0.121074,	-0.146254,	0.000000
-0.189867,	-0.626082,	0.756288,	0.000000
-0.000000,	0.770300,	0.637681,	0.000000
21.494527,	-113.873557,	-47.489500,	1.000000
rotate: 0.040591,0.000000,-0.000000
drawImplementation
-0.981810,	0.121074,	-0.146254,	0.000000
-0.189867,	-0.626082,	0.756288,	0.000000
-0.000000,	0.770300,	0.637681,	0.000000
21.494527,	-113.873557,	-47.489500,	1.000000
rotate: 0.040591,0.000000,-0.000000
drawImplementation
-0.981810,	0.121074,	-0.146254,	0.000000
-0.189867,	-0.626082,	0.756288,	0.000000
-0.000000,	0.770300,	0.637681,	0.000000
21.494527,	-113.873557,	-47.489500,	1.000000
rotate: 0.040591,0.000000,-0.000000
drawImplementation
-0.981810,	0.121074,	-0.146254,	0.000000
-0.189867,	-0.626082,	0.756288,	0.000000
-0.000000,	0.770300,	0.637681,	0.000000
21.494527,	-113.873557,	-47.489500,	1.000000
rotate: 0.040591,0.000000,-0.000000
drawImplementation
-0.981810,	0.121074,	-0.146254,	0.000000
-0.189867,	-0.626082,	0.756288,	0.000000
-0.000000,	0.770300,	0.637681,	0.000000
21.494527,	-113.873557,	-47.489500,	1.000000
rotate: 0.040591,0.000000,-0.000000
drawImplementation
-0.981810,	0.121074,	-0.146254,	0.000000
-0.189867,	-0.626082,	0.756288,	0.000000
-0.000000,	0.770300,	0.637681,	0.000000
21.494527,	-113.873557,	-47.489500,	1.000000
rotate: 0.040591,0.000000,-0.000000
drawImplementation
-0.981810,	0.121074,	-0.146254,	0.000000
-0.189867,	-0.626082,	0.756288,	0.000000
-0.000000,	0.770300,	0.637681,	0.000000
21.494527,	-113.873557,	-47.489500,	1.000000
rotate: 0.040591,0.000000,-0.000000
drawImplementation
-0.981810,	0.121074,	-0.146254,	0.000000
-0.189867,	-0.626082,	0.756288,	0.000000
-0.000000,	0.770300,	0.637681,	0.000000
21.494527,	-113.873557,	-47.489500,	1.000000
rotate: 0.040591,0.000000,-0.000000
drawImplementation
-0.981810,	0.121074,	-0.146254,	0.000000
-0.189867,	-0.626082,	0.756288,	0.000000
-0.000000,	0.770300,	0.637681,	0.000000
21.494527,	-113.873557,	-47.489500,	1.000000
rotate: 0.040591,0.000000,-0.000000
drawImplementation
-0.981810,	0.121074,	-0.146254,	0.000000
-0.189867,	-0.626082,	0.756288,	0.000000
-0.000000,	0.770300,	0.637681,	0.000000
21.494527,	-113.873557,	-47.489500,	1.000000
rotate: 0.040591,0.000000,-0.000000
drawImplementation
-0.981810,	0.121074,	-0.146254,	0.000000
-0.189867,	-0.626082,	0.756288,	0.000000
-0.000000,	0.770300,	0.637681,	0.000000
21.494527,	-113.873557,	-47.489500,	1.000000
rotate: 0.040591,0.000000,-0.000000
drawImplementation
-0.981810,	0.121074,	-0.146254,	0.000000
-0.189867,	-0.626082,	0.756288,	0.000000
-0.000000,	0.770300,	0.637681,	0.000000
21.494527,	-113.873557,	-47.489500,	1.000000
rotate: 0.040591,0.000000,-0.000000
drawImplementation
-0.981810,	0.121074,	-0.146254,	0.000000
-0.189867,	-0.626082,	0.756288,	0.000000
-0.000000,	0.770300,	0.637681,	0.000000
21.494527,	-113.873557,	-47.489500,	1.000000
rotate: 0.040591,0.000000,-0.000000
drawImplementation
-0.981810,	0.121074,	-0.146254,	0.000000
-0.189867,	-0.626082,	0.756288,	0.000000
-0.000000,	0.770300,	0.637681,	0.000000
21.494527,	-113.873557,	-47.489500,	1.000000
rotate: 0.040591,0.000000,-0.000000
drawImplementation
-0.981810,	0.121074,	-0.146254,	0.000000
-0.189867,	-0.626082,	0.756288,	0.000000
-0.000000,	0.770300,	0.637681,	0.000000
21.494527,	-113.873557,	-47.489500,	1.000000
rotate: 0.040591,0.000000,-0.000000
drawImplementation
-0.981810,	0.121074,	-0.146254,	0.000000
-0.189867,	-0.626082,	0.756288,	0.000000
-0.000000,	0.770300,	0.637681,	0.000000
21.494527,	-113.873557,	-47.489500,	1.000000
rotate: 0.040591,0.000000,-0.000000
drawImplementation
-0.981810,	0.121074,	-0.146254,	0.000000
-0.189867,	-0.626082,	0.756288,	0.000000
-0.000000,	0.770300,	0.637681,	0.000000
21.494527,	-113.873557,	-47.489500,	1.000000
rotate: 0.040591,0.000000,-0.000000
drawImplementation
-0.981810,	0.121074,	-0.146254,	0.000000
-0.189867,	-0.626082,	0.756288,	0.000000
-0.000000,	0.770300,	0.637681,	0.000000
21.494527,	-113.873557,	-47.489500,	1.000000
rotate: 0.040591,0.000000,-0.000000
drawImplementation
-0.981810,	0.121074,	-0.146254,	0.000000
-0.189867,	-0.626082,	0.756288,	0.000000
-0.000000,	0.770300,	0.637681,	0.000000
21.494527,	-113.873557,	-47.489500,	1.000000
rotate: 0.040591,0.000000,-0.000000
drawImplementation
-0.981810,	0.121074,	-0.146254,	0.000000
-0.189867,	-0.626082,	0.756288,	0.000000
-0.000000,	0.770300,	0.637681,	0.000000
21.494527,	-113.873557,	-47.489500,	1.000000
rotate: 0.040591,0.000000,-0.000000
drawImplementation
-0.981810,	0.121074,	-0.146254,	0.000000
-0.189867,	-0.626082,	0.756288,	0.000000
-0.000000,	0.770300,	0.637681,	0.000000
21.494527,	-113.873557,	-47.489500,	1.000000
rotate: 0.040591,0.000000,-0.000000
drawImplementation
-0.981810,	0.121074,	-0.146254,	0.000000
-0.189867,	-0.626082,	0.756288,	0.000000
-0.000000,	0.770300,	0.637681,	0.000000
21.494527,	-113.873557,	-47.489500,	1.000000
rotate: 0.040591,0.000000,-0.000000
drawImplementation
-0.981810,	0.121074,	-0.146254,	0.000000
-0.189867,	-0.626082,	0.756288,	0.000000
-0.000000,	0.770300,	0.637681,	0.000000
21.494527,	-113.873557,	-47.489500,	1.000000
rotate: 0.040591,0.000000,-0.000000
drawImplementation
-0.981810,	0.121074,	-0.146254,	0.000000
-0.189867,	-0.626082,	0.756288,	0.000000
-0.000000,	0.770300,	0.637681,	0.000000
21.494527,	-113.873557,	-47.489500,	1.000000
rotate: 0.040591,0.000000,-0.000000
drawImplementation
-0.981810,	0.121074,	-0.146254,	0.000000
-0.189867,	-0.626082,	0.756288,	0.000000
-0.000000,	0.770300,	0.637681,	0.000000
21.494527,	-113.873557,	-47.489500,	1.000000
rotate: 0.040591,0.000000,-0.000000
drawImplementation
-0.981810,	0.121074,	-0.146254,	0.000000
-0.189867,	-0.626082,	0.756288,	0.000000
-0.000000,	0.770300,	0.637681,	0.000000
21.494527,	-113.873557,	-47.489500,	1.000000
rotate: 0.040591,0.000000,-0.000000
drawImplementation
-0.981810,	0.121074,	-0.146254,	0.000000
-0.189867,	-0.626082,	0.756288,	0.000000
-0.000000,	0.770300,	0.637681,	0.000000
21.494527,	-113.873557,	-47.489500,	1.000000
rotate: 0.040591,0.000000,-0.000000
drawImplementation
-0.981810,	0.121074,	-0.146254,	0.000000
-0.189867,	-0.626082,	0.756288,	0.000000
-0.000000,	0.770300,	0.637681,	0.000000
21.494527,	-113.873557,	-47.489500,	1.000000
rotate: 0.040591,0.000000,-0.000000
drawImplementation
-0.981810,	0.121074,	-0.146254,	0.000000
-0.189867,	-0.626082,	0.756288,	0.000000
-0.000000,	0.770300,	0.637681,	0.000000
21.494527,	-113.873557,	-47.489500,	1.000000
rotate: 0.040591,0.000000,-0.000000
drawImplementation
-0.981810,	0.121074,	-0.146254,	0.000000
-0.189867,	-0.626082,	0.756288,	0.000000
-0.000000,	0.770300,	0.637681,	0.000000
21.494527,	-113.873557,	-47.489500,	1.000000
rotate: 0.040591,0.000000,-0.000000
drawImplementation
-0.981810,	0.121074,	-0.146254,	0.000000
-0.189867,	-0.626082,	0.756288,	0.000000
-0.000000,	0.770300,	0.637681,	0.000000
21.494527,	-113.873557,	-47.489500,	1.000000
rotate: 0.040591,0.000000,-0.000000
drawImplementation
-0.981810,	0.121074,	-0.146254,	0.000000
-0.189867,	-0.626082,	0.756288,	0.000000
-0.000000,	0.770300,	0.637681,	0.000000
21.494527,	-113.873557,	-47.489500,	1.000000
rotate: 0.040591,0.000000,-0.000000
drawImplementation
-0.981810,	0.121074,	-0.146254,	0.000000
-0.189867,	-0.626082,	0.756288,	0.000000
-0.000000,	0.770300,	0.637681,	0.000000
21.494527,	-113.873557,	-47.489500,	1.000000
rotate: 0.040591,0.000000,-0.000000
drawImplementation
-0.981810,	0.121074,	-0.146254,	0.000000
-0.189867,	-0.626082,	0.756288,	0.000000
-0.000000,	0.770300,	0.637681,	0.000000
21.494527,	-113.873557,	-47.489500,	1.000000
rotate: 0.040591,0.000000,-0.000000
drawImplementation
-0.981810,	0.121074,	-0.146254,	0.000000
-0.189867,	-0.626082,	0.756288,	0.000000
-0.000000,	0.770300,	0.637681,	0.000000
21.494527,	-113.873557,	-47.489500,	1.000000
rotate: 0.040591,0.000000,-0.000000
drawImplementation
-0.981810,	0.121074,	-0.146254,	0.000000
-0.189867,	-0.626082,	0.756288,	0.000000
-0.000000,	0.770300,	0.637681,	0.000000
21.494527,	-113.873557,	-47.489500,	1.000000
rotate: 0.040591,0.000000,-0.000000
drawImplementation
-0.981810,	0.121074,	-0.146254,	0.000000
-0.189867,	-0.626082,	0.756288,	0.000000
-0.000000,	0.770300,	0.637681,	0.000000
21.494527,	-113.873557,	-47.489500,	1.000000
rotate: 0.040591,0.000000,-0.000000
drawImplementation
-0.981810,	0.121074,	-0.146254,	0.000000
-0.189867,	-0.626082,	0.756288,	0.000000
-0.000000,	0.770300,	0.637681,	0.000000
21.494527,	-113.873557,	-47.489500,	1.000000
rotate: 0.040591,0.000000,-0.000000
drawImplementation
-0.981810,	0.121074,	-0.146254,	0.000000
-0.189867,	-0.626082,	0.756288,	0.000000
-0.000000,	0.770300,	0.637681,	0.000000
21.494527,	-113.873557,	-47.489500,	1.000000
rotate: 0.040591,0.000000,-0.000000
drawImplementation
-0.981810,	0.121074,	-0.146254,	0.000000
-0.189867,	-0.626082,	0.756288,	0.000000
-0.000000,	0.770300,	0.637681,	0.000000
21.494527,	-113.873557,	-47.489500,	1.000000
rotate: 0.040591,0.000000,-0.000000
drawImplementation
-0.981810,	0.121074,	-0.146254,	0.000000
-0.189867,	-0.626082,	0.756288,	0.000000
-0.000000,	0.770300,	0.637681,	0.000000
21.494527,	-113.873557,	-47.489500,	1.000000
rotate: 0.040591,0.000000,-0.000000
drawImplementation
-0.981810,	0.121074,	-0.146254,	0.000000
-0.189867,	-0.626082,	0.756288,	0.000000
-0.000000,	0.770300,	0.637681,	0.000000
21.494527,	-113.873557,	-47.489500,	1.000000
rotate: 0.040591,0.000000,-0.000000
drawImplementation
-0.981810,	0.121074,	-0.146254,	0.000000
-0.189867,	-0.626082,	0.756288,	0.000000
-0.000000,	0.770300,	0.637681,	0.000000
21.494527,	-113.873557,	-47.489500,	1.000000
rotate: 0.040591,0.000000,-0.000000
drawImplementation
-0.981810,	0.121074,	-0.146254,	0.000000
-0.189867,	-0.626082,	0.756288,	0.000000
-0.000000,	0.770300,	0.637681,	0.000000
21.494527,	-113.873557,	-47.489500,	1.000000
rotate: 0.040591,0.000000,-0.000000
drawImplementation
-0.981810,	0.121074,	-0.146254,	0.000000
-0.189867,	-0.626082,	0.756288,	0.000000
-0.000000,	0.770300,	0.637681,	0.000000
21.494527,	-113.873557,	-47.489500,	1.000000
rotate: 0.040591,0.000000,-0.000000
drawImplementation
-0.981810,	0.121074,	-0.146254,	0.000000
-0.189867,	-0.626082,	0.756288,	0.000000
-0.000000,	0.770300,	0.637681,	0.000000
21.494527,	-113.873557,	-47.489500,	1.000000
rotate: 0.040591,0.000000,-0.000000
drawImplementation
-0.981810,	0.121074,	-0.146254,	0.000000
-0.189867,	-0.626082,	0.756288,	0.000000
-0.000000,	0.770300,	0.637681,	0.000000
21.494527,	-113.873557,	-47.489500,	1.000000
rotate: 0.040591,0.000000,-0.000000
drawImplementation
-0.981810,	0.121074,	-0.146254,	0.000000
-0.189867,	-0.626082,	0.756288,	0.000000
-0.000000,	0.770300,	0.637681,	0.000000
21.494527,	-113.873557,	-47.489500,	1.000000
rotate: 0.040591,0.000000,-0.000000
drawImplementation
-0.981810,	0.121074,	-0.146254,	0.000000
-0.189867,	-0.626082,	0.756288,	0.000000
-0.000000,	0.770300,	0.637681,	0.000000
21.494527,	-113.873557,	-47.489500,	1.000000
rotate: 0.040591,0.000000,-0.000000
drawImplementation
-0.981810,	0.121074,	-0.146254,	0.000000
-0.189867,	-0.626082,	0.756288,	0.000000
-0.000000,	0.770300,	0.637681,	0.000000
21.494527,	-113.873557,	-47.489500,	1.000000
rotate: 0.040591,0.000000,-0.000000
drawImplementation
-0.981810,	0.121074,	-0.146254,	0.000000
-0.189867,	-0.626082,	0.756288,	0.000000
-0.000000,	0.770300,	0.637681,	0.000000
21.494527,	-113.873557,	-47.489500,	1.000000
rotate: 0.040591,0.000000,-0.000000
drawImplementation
-0.981810,	0.121074,	-0.146254,	0.000000
-0.189867,	-0.626082,	0.756288,	0.000000
-0.000000,	0.770300,	0.637681,	0.000000
21.494527,	-113.873557,	-47.489500,	1.000000
rotate: 0.040591,0.000000,-0.000000
drawImplementation
-0.981810,	0.121074,	-0.146254,	0.000000
-0.189867,	-0.626082,	0.756288,	0.000000
-0.000000,	0.770300,	0.637681,	0.000000
21.494527,	-113.873557,	-47.489500,	1.000000
rotate: 0.040591,0.000000,-0.000000
drawImplementation
-0.981810,	0.121074,	-0.146254,	0.000000
-0.189867,	-0.626082,	0.756288,	0.000000
-0.000000,	0.770300,	0.637681,	0.000000
21.494527,	-113.873557,	-47.489500,	1.000000
rotate: 0.040591,0.000000,-0.000000
drawImplementation
-0.981810,	0.121074,	-0.146254,	0.000000
-0.189867,	-0.626082,	0.756288,	0.000000
-0.000000,	0.770300,	0.637681,	0.000000
21.494527,	-113.873557,	-47.489500,	1.000000
rotate: 0.040591,0.000000,-0.000000
drawImplementation
-0.981810,	0.121074,	-0.146254,	0.000000
-0.189867,	-0.626082,	0.756288,	0.000000
-0.000000,	0.770300,	0.637681,	0.000000
21.494527,	-113.873557,	-47.489500,	1.000000
rotate: 0.040591,0.000000,-0.000000
drawImplementation
-0.981810,	0.121074,	-0.146254,	0.000000
-0.189867,	-0.626082,	0.756288,	0.000000
-0.000000,	0.770300,	0.637681,	0.000000
21.494527,	-113.873557,	-47.489500,	1.000000
rotate: 0.040591,0.000000,-0.000000
drawImplementation
-0.981810,	0.121074,	-0.146254,	0.000000
-0.189867,	-0.626082,	0.756288,	0.000000
-0.000000,	0.770300,	0.637681,	0.000000
21.494527,	-113.873557,	-47.489500,	1.000000
rotate: 0.040591,0.000000,-0.000000
drawImplementation
-0.981810,	0.121074,	-0.146254,	0.000000
-0.189867,	-0.626082,	0.756288,	0.000000
