rotate: 0.000000,0.000000,0.000000
drawImplementation
-1.000000,	0.000000,	0.000000,	0.000000
0.000000,	0.000000,	1.000000,	0.000000
0.000000,	1.000000,	0.000000,	0.000000
0.000000,	0.000000,	-3.974028,	1.000000
rotate: 0.000000,0.000000,0.000000
rotate: 0.000000,0.000000,0.000000
rotate: 0.000000,0.000000,0.000000
rotate: -0.254776,0.000000,0.000000
rotate: -0.454058,0.000000,0.000000
rotate: -0.454058,0.000000,0.000000
rotate: -0.454058,0.000000,0.000000
drawImplementation
-0.028338,	-0.151215,	0.988095,	0.000000
0.999598,	-0.004287,	0.028012,	0.000000
0.000000,	0.988492,	0.151276,	0.000000
-3.972432,	0.017036,	-0.111320,	1.000000
rotate: -0.454058,0.000000,0.000000
rotate: -0.454058,0.000000,0.000000
drawImplementation
-0.028338,	-0.151215,	0.988095,	0.000000
0.999598,	-0.004287,	0.028012,	0.000000
0.000000,	0.988492,	0.151276,	0.000000
-3.972432,	0.017036,	-0.111320,	1.000000
rotate: -0.454058,0.000000,0.000000
drawImplementation
-0.028338,	-0.151215,	0.988095,	0.000000
0.999598,	-0.004287,	0.028012,	0.000000
0.000000,	0.988492,	0.151276,	0.000000
-3.972432,	0.017036,	-0.111320,	1.000000
rotate: -0.454058,0.000000,0.000000
rotate: -0.454058,0.000000,0.000000
rotate: -0.454058,0.000000,0.000000
drawImplementation
-0.028338,	-0.151215,	0.988095,	0.000000
0.999598,	-0.004287,	0.028012,	0.000000
0.000000,	0.988492,	0.151276,	0.000000
-3.972432,	0.017036,	-0.111320,	1.000000
rotate: -0.454058,0.000000,0.000000
drawImplementation
-0.028338,	-0.151215,	0.988095,	0.000000
0.999598,	-0.004287,	0.028012,	0.000000
0.000000,	0.988492,	0.151276,	0.000000
-3.972432,	0.017036,	-0.111320,	1.000000
rotate: -0.454058,0.000000,0.000000
drawImplementation
-0.028338,	-0.151215,	0.988095,	0.000000
0.999598,	-0.004287,	0.028012,	0.000000
0.000000,	0.988492,	0.151276,	0.000000
-3.972432,	0.017036,	-0.111320,	1.000000
rotate: -0.454058,0.000000,0.000000
drawImplementation
-0.028338,	-0.151215,	0.988095,	0.000000
0.999598,	-0.004287,	0.028012,	0.000000
0.000000,	0.988492,	0.151276,	0.000000
-3.972432,	0.017036,	-0.111320,	1.000000
rotate: -0.454058,0.000000,0.000000
drawImplementation
-0.028338,	-0.151215,	0.988095,	0.000000
0.999598,	-0.004287,	0.028012,	0.000000
0.000000,	0.988492,	0.151276,	0.000000
-3.972432,	0.017036,	-0.111320,	1.000000
rotate: -0.454058,0.000000,0.000000
drawImplementation
-0.028338,	-0.151215,	0.988095,	0.000000
0.999598,	-0.004287,	0.028012,	0.000000
0.000000,	0.988492,	0.151276,	0.000000
-3.972432,	0.017036,	-0.111320,	1.000000
rotate: -0.454058,0.000000,0.000000
drawImplementation
-0.028338,	-0.151215,	0.988095,	0.000000
0.999598,	-0.004287,	0.028012,	0.000000
0.000000,	0.988492,	0.151276,	0.000000
-3.972432,	0.017036,	-0.111320,	1.000000
rotate: -0.454058,0.000000,0.000000
rotate: -0.454058,0.000000,0.000000
drawImplementation
-0.028338,	-0.151215,	0.988095,	0.000000
0.999598,	-0.004287,	0.028012,	0.000000
0.000000,	0.988492,	0.151276,	0.000000
-3.972432,	0.017036,	-0.111320,	1.000000
rotate: -0.454058,0.000000,0.000000
rotate: -0.454058,0.000000,0.000000
drawImplementation
-0.028338,	-0.151215,	0.988095,	0.000000
0.999598,	-0.004287,	0.028012,	0.000000
0.000000,	0.988492,	0.151276,	0.000000
-3.972432,	0.017036,	-0.111320,	1.000000
rotate: -0.454058,0.000000,0.000000
rotate: -0.454058,0.000000,0.000000
drawImplementation
-0.028338,	-0.151215,	0.988095,	0.000000
0.999598,	-0.004287,	0.028012,	0.000000
0.000000,	0.988492,	0.151276,	0.000000
-3.972432,	0.017036,	-0.111320,	1.000000
rotate: -0.454058,0.000000,0.000000
rotate: -0.454058,0.000000,0.000000
drawImplementation
-0.028338,	-0.151215,	0.988095,	0.000000
0.999598,	-0.004287,	0.028012,	0.000000
0.000000,	0.988492,	0.151276,	0.000000
-3.972432,	0.017036,	-0.111320,	1.000000
rotate: -0.454058,0.000000,0.000000
rotate: -0.454058,0.000000,0.000000
drawImplementation
-0.028338,	-0.151215,	0.988095,	0.000000
0.999598,	-0.004287,	0.028012,	0.000000
0.000000,	0.988492,	0.151276,	0.000000
-3.972432,	0.017036,	-0.111320,	1.000000
rotate: -0.454058,0.000000,0.000000
rotate: -0.454058,0.000000,0.000000
drawImplementation
-0.028338,	-0.151215,	0.988095,	0.000000
0.999598,	-0.004287,	0.028012,	0.000000
0.000000,	0.988492,	0.151276,	0.000000
-3.972432,	0.017036,	-0.111320,	1.000000
rotate: -0.454058,0.000000,0.000000
rotate: -0.454058,0.000000,0.000000
drawImplementation
-0.028338,	-0.151215,	0.988095,	0.000000
0.999598,	-0.004287,	0.028012,	0.000000
0.000000,	0.988492,	0.151276,	0.000000
-3.972432,	0.017036,	-0.111320,	1.000000
rotate: -0.454058,0.000000,0.000000
rotate: -0.454058,0.000000,0.000000
drawImplementation
-0.028338,	-0.151215,	0.988095,	0.000000
0.999598,	-0.004287,	0.028012,	0.000000
0.000000,	0.988492,	0.151276,	0.000000
-3.972432,	0.017036,	-0.111320,	1.000000
rotate: -0.454058,0.000000,0.000000
rotate: -0.454058,0.000000,0.000000
drawImplementation
-0.028338,	-0.151215,	0.988095,	0.000000
0.999598,	-0.004287,	0.028012,	0.000000
0.000000,	0.988492,	0.151276,	0.000000
-3.972432,	0.017036,	-0.111320,	1.000000
rotate: -0.454058,0.000000,0.000000
rotate: -0.454058,0.000000,0.000000
drawImplementation
-0.028338,	-0.151215,	0.988095,	0.000000
0.999598,	-0.004287,	0.028012,	0.000000
0.000000,	0.988492,	0.151276,	0.000000
-3.972432,	0.017036,	-0.111320,	1.000000
rotate: -0.454058,0.000000,0.000000
rotate: -0.454058,0.000000,0.000000
drawImplementation
-0.028338,	-0.151215,	0.988095,	0.000000
0.999598,	-0.004287,	0.028012,	0.000000
0.000000,	0.988492,	0.151276,	0.000000
-3.972432,	0.017036,	-0.111320,	1.000000
rotate: -0.454058,0.000000,0.000000
rotate: -0.454058,0.000000,0.000000
drawImplementation
-0.028338,	-0.151215,	0.988095,	0.000000
0.999598,	-0.004287,	0.028012,	0.000000
0.000000,	0.988492,	0.151276,	0.000000
-3.972432,	0.017036,	-0.111320,	1.000000
rotate: -0.454058,0.000000,0.000000
rotate: -0.454058,0.000000,0.000000
drawImplementation
-0.028338,	-0.151215,	0.988095,	0.000000
0.999598,	-0.004287,	0.028012,	0.000000
0.000000,	0.988492,	0.151276,	0.000000
-3.972432,	0.017036,	-0.111320,	1.000000
rotate: -0.454058,0.000000,0.000000
rotate: -0.454058,0.000000,0.000000
drawImplementation
-0.028338,	-0.151215,	0.988095,	0.000000
0.999598,	-0.004287,	0.028012,	0.000000
0.000000,	0.988492,	0.151276,	0.000000
-3.972432,	0.017036,	-0.111320,	1.000000
rotate: -0.454058,0.000000,0.000000
rotate: -0.454058,0.000000,0.000000
drawImplementation
-0.028338,	-0.151215,	0.988095,	0.000000
0.999598,	-0.004287,	0.028012,	0.000000
0.000000,	0.988492,	0.151276,	0.000000
-3.972432,	0.017036,	-0.111320,	1.000000
rotate: -0.454058,0.000000,0.000000
rotate: -0.454058,0.000000,0.000000
drawImplementation
-0.028338,	-0.151215,	0.988095,	0.000000
0.999598,	-0.004287,	0.028012,	0.000000
0.000000,	0.988492,	0.151276,	0.000000
-3.972432,	0.017036,	-0.111320,	1.000000
rotate: -0.454058,0.000000,0.000000
rotate: -0.454058,0.000000,0.000000
drawImplementation
-0.028338,	-0.151215,	0.988095,	0.000000
0.999598,	-0.004287,	0.028012,	0.000000
0.000000,	0.988492,	0.151276,	0.000000
-3.972432,	0.017036,	-0.111320,	1.000000
rotate: -0.454058,0.000000,0.000000
rotate: -0.454058,0.000000,0.000000
drawImplementation
-0.028338,	-0.151215,	0.988095,	0.000000
0.999598,	-0.004287,	0.028012,	0.000000
0.000000,	0.988492,	0.151276,	0.000000
-3.972432,	0.017036,	-0.111320,	1.000000
rotate: -0.454058,0.000000,0.000000
rotate: -0.454058,0.000000,0.000000
drawImplementation
-0.028338,	-0.151215,	0.988095,	0.000000
0.999598,	-0.004287,	0.028012,	0.000000
0.000000,	0.988492,	0.151276,	0.000000
-3.972432,	0.017036,	-0.111320,	1.000000
rotate: -0.454058,0.000000,0.000000
rotate: -0.454058,0.000000,0.000000
drawImplementation
-0.028338,	-0.151215,	0.988095,	0.000000
0.999598,	-0.004287,	0.028012,	0.000000
0.000000,	0.988492,	0.151276,	0.000000
-3.972432,	0.017036,	-0.111320,	1.000000
rotate: -0.454058,0.000000,0.000000
rotate: -0.454058,0.000000,0.000000
drawImplementation
-0.028338,	-0.151215,	0.988095,	0.000000
0.999598,	-0.004287,	0.028012,	0.000000
0.000000,	0.988492,	0.151276,	0.000000
-3.972432,	0.017036,	-0.111320,	1.000000
rotate: -0.454058,0.000000,0.000000
rotate: -0.454058,0.000000,0.000000
drawImplementation
-0.028338,	-0.151215,	0.988095,	0.000000
0.999598,	-0.004287,	0.028012,	0.000000
0.000000,	0.988492,	0.151276,	0.000000
-3.972432,	0.017036,	-0.111320,	1.000000
rotate: -0.454058,0.000000,0.000000
rotate: -0.454058,0.000000,0.000000
drawImplementation
-0.028338,	-0.151215,	0.988095,	0.000000
0.999598,	-0.004287,	0.028012,	0.000000
0.000000,	0.988492,	0.151276,	0.000000
-3.972432,	0.017036,	-0.111320,	1.000000
rotate: -0.454058,0.000000,0.000000
rotate: -0.454058,0.000000,0.000000
drawImplementation
-0.028338,	-0.151215,	0.988095,	0.000000
0.999598,	-0.004287,	0.028012,	0.000000
0.000000,	0.988492,	0.151276,	0.000000
-3.972432,	0.017036,	-0.111320,	1.000000
rotate: -0.454058,0.000000,0.000000
drawImplementation
-0.028338,	-0.151215,	0.988095,	0.000000
0.999598,	-0.004287,	0.028012,	0.000000
0.000000,	0.988492,	0.151276,	0.000000
-3.972432,	0.017036,	-0.111320,	1.000000
rotate: -0.454058,0.000000,0.000000
drawImplementation
-0.028338,	-0.151215,	0.988095,	0.000000
0.999598,	-0.004287,	0.028012,	0.000000
0.000000,	0.988492,	0.151276,	0.000000
-3.972432,	0.017036,	-0.111320,	1.000000
rotate: -0.454058,0.000000,0.000000
rotate: -0.454058,0.000000,0.000000
drawImplementation
-0.028338,	-0.151215,	0.988095,	0.000000
0.999598,	-0.004287,	0.028012,	0.000000
0.000000,	0.988492,	0.151276,	0.000000
-3.972432,	0.017036,	-0.111320,	1.000000
rotate: -0.454058,0.000000,0.000000
drawImplementation
-0.028338,	-0.151215,	0.988095,	0.000000
0.999598,	-0.004287,	0.028012,	0.000000
0.000000,	0.988492,	0.151276,	0.000000
-3.972432,	0.017036,	-0.111320,	1.000000
rotate: -0.454058,0.000000,0.000000
rotate: -0.454058,0.000000,0.000000
drawImplementation
-0.028338,	-0.151215,	0.988095,	0.000000
0.999598,	-0.004287,	0.028012,	0.000000
0.000000,	0.988492,	0.151276,	0.000000
-3.972432,	0.017036,	-0.111320,	1.000000
rotate: -0.454058,0.000000,0.000000
rotate: -0.454058,0.000000,0.000000
drawImplementation
-0.028338,	-0.151215,	0.988095,	0.000000
0.999598,	-0.004287,	0.028012,	0.000000
0.000000,	0.988492,	0.151276,	0.000000
-3.972432,	0.017036,	-0.111320,	1.000000
rotate: -0.454058,0.000000,0.000000
rotate: -0.454058,0.000000,0.000000
drawImplementation
-0.028338,	-0.151215,	0.988095,	0.000000
0.999598,	-0.004287,	0.028012,	0.000000
0.000000,	0.988492,	0.151276,	0.000000
-3.972432,	0.017036,	-0.111320,	1.000000
rotate: -0.454058,0.000000,0.000000
rotate: -0.454058,0.000000,0.000000
drawImplementation
-0.028338,	-0.151215,	0.988095,	0.000000
0.999598,	-0.004287,	0.028012,	0.000000
0.000000,	0.988492,	0.151276,	0.000000
-3.972432,	0.017036,	-0.111320,	1.000000
rotate: -0.454058,0.000000,0.000000
rotate: -0.454058,0.000000,0.000000
drawImplementation
-0.028338,	-0.151215,	0.988095,	0.000000
0.999598,	-0.004287,	0.028012,	0.000000
0.000000,	0.988492,	0.151276,	0.000000
-3.972432,	0.017036,	-0.111320,	1.000000
rotate: -0.454058,0.000000,0.000000
rotate: -0.454058,0.000000,0.000000
drawImplementation
-0.028338,	-0.151215,	0.988095,	0.000000
0.999598,	-0.004287,	0.028012,	0.000000
0.000000,	0.988492,	0.151276,	0.000000
-3.972432,	0.017036,	-0.111320,	1.000000
rotate: -0.454058,0.000000,0.000000
rotate: -0.454058,0.000000,0.000000
rotate: -0.454058,0.000000,0.000000
rotate: -0.457693,0.000000,0.000000
drawImplementation
-0.012717,	-0.151264,	0.988412,	0.000000
0.999919,	-0.001924,	0.012570,	0.000000
0.000000,	0.988492,	0.151276,	0.000000
-3.973707,	0.007645,	-0.049954,	1.000000
rotate: -0.457693,0.000000,0.000000
rotate: -0.462736,0.000000,0.000000
drawImplementation
0.009158,	-0.151269,	0.988450,	0.000000
0.999958,	0.001385,	-0.009053,	0.000000
0.000000,	0.988492,	0.151276,	0.000000
-3.973862,	-0.005506,	0.035975,	1.000000
rotate: -0.462736,0.000000,0.000000
rotate: -0.472654,0.000000,0.000000
drawImplementation
0.052883,	-0.151064,	0.987108,	0.000000
0.998601,	0.008000,	-0.052275,	0.000000
-0.000000,	0.988492,	0.151276,	0.000000
-3.968467,	-0.031792,	0.207742,	1.000000
rotate: -0.472654,0.000000,0.000000
rotate: -0.480598,0.000000,0.000000
drawImplementation
0.102814,	-0.161376,	0.981523,	0.000000
0.994701,	0.016680,	-0.101452,	0.000000
0.000000,	0.986752,	0.162236,	0.000000
-3.952968,	-0.066287,	0.403174,	1.000000
rotate: -0.480598,0.000000,0.000000
rotate: -0.483053,0.000000,0.000000
drawImplementation
0.140161,	-0.179587,	0.973706,	0.000000
0.990129,	0.025422,	-0.137836,	0.000000
0.000000,	0.983414,	0.181377,	0.000000
-3.934800,	-0.101028,	0.547764,	1.000000
rotate: -0.483053,0.000000,0.000000
rotate: -0.491154,0.000000,0.000000
drawImplementation
0.178721,	-0.178457,	0.967580,	0.000000
0.983900,	0.032416,	-0.175756,	0.000000
0.000000,	0.983414,	0.181377,	0.000000
-3.910046,	-0.128822,	0.698461,	1.000000
rotate: -0.491154,0.000000,0.000000
rotate: -0.498754,0.000000,0.000000
drawImplementation
0.215483,	-0.177116,	0.960311,	0.000000
0.976508,	0.039084,	-0.211909,	0.000000
-0.000000,	0.983414,	0.181377,	0.000000
-3.880669,	-0.155320,	0.842131,	1.000000
rotate: -0.498754,0.000000,0.000000
rotate: -0.502179,0.000000,0.000000
drawImplementation
0.232234,	-0.176418,	0.956527,	0.000000
0.972660,	0.042122,	-0.228382,	0.000000
-0.000000,	0.983414,	0.181377,	0.000000
-3.865378,	-0.167394,	0.907596,	1.000000
rotate: -0.502179,0.000000,0.000000
rotate: -0.503107,0.000000,0.000000
drawImplementation
0.236791,	-0.176219,	0.955446,	0.000000
0.971561,	0.042948,	-0.232863,	0.000000
0.000000,	0.983414,	0.181377,	0.000000
-3.861010,	-0.170678,	0.925405,	1.000000
rotate: -0.503107,0.000000,0.000000
drawImplementation
0.236791,	-0.176219,	0.955446,	0.000000
0.971561,	0.042948,	-0.232863,	0.000000
0.000000,	0.983414,	0.181377,	0.000000
-3.861010,	-0.170678,	0.925405,	1.000000
rotate: -0.503107,0.000000,0.000000
drawImplementation
0.236791,	-0.176219,	0.955446,	0.000000
0.971561,	0.042948,	-0.232863,	0.000000
0.000000,	0.983414,	0.181377,	0.000000
-3.861010,	-0.170678,	0.925405,	1.000000
rotate: -0.503107,0.000000,0.000000
drawImplementation
0.236791,	-0.176219,	0.955446,	0.000000
0.971561,	0.042948,	-0.232863,	0.000000
0.000000,	0.983414,	0.181377,	0.000000
-3.861010,	-0.170678,	0.925405,	1.000000
rotate: -0.503107,0.000000,0.000000
drawImplementation
0.236791,	-0.176219,	0.955446,	0.000000
0.971561,	0.042948,	-0.232863,	0.000000
0.000000,	0.983414,	0.181377,	0.000000
-3.861010,	-0.170678,	0.925405,	1.000000
rotate: -0.503107,0.000000,0.000000
drawImplementation
0.236791,	-0.176219,	0.955446,	0.000000
0.971561,	0.042948,	-0.232863,	0.000000
0.000000,	0.983414,	0.181377,	0.000000
-3.861010,	-0.170678,	0.925405,	1.000000
rotate: -0.503107,0.000000,0.000000
drawImplementation
0.236791,	-0.176219,	0.955446,	0.000000
0.971561,	0.042948,	-0.232863,	0.000000
0.000000,	0.983414,	0.181377,	0.000000
-3.861010,	-0.170678,	0.925405,	1.000000
rotate: -0.503107,0.000000,0.000000
rotate: -0.503107,0.000000,0.000000
rotate: -0.503107,0.000000,0.000000
drawImplementation
0.236791,	-0.176219,	0.955446,	0.000000
0.971561,	0.042948,	-0.232863,	0.000000
0.000000,	0.983414,	0.181377,	0.000000
-3.861010,	-0.170678,	0.925405,	1.000000
rotate: -0.503107,0.000000,0.000000
drawImplementation
0.236791,	-0.176219,	0.955446,	0.000000
0.971561,	0.042948,	-0.232863,	0.000000
0.000000,	0.983414,	0.181377,	0.000000
-3.861010,	-0.170678,	0.925405,	1.000000
rotate: -0.503107,0.000000,0.000000
drawImplementation
0.236791,	-0.176219,	0.955446,	0.000000
0.971561,	0.042948,	-0.232863,	0.000000
0.000000,	0.983414,	0.181377,	0.000000
-3.861010,	-0.170678,	0.925405,	1.000000
rotate: -0.503107,0.000000,0.000000
drawImplementation
0.236791,	-0.176219,	0.955446,	0.000000
0.971561,	0.042948,	-0.232863,	0.000000
0.000000,	0.983414,	0.181377,	0.000000
-3.861010,	-0.170678,	0.925405,	1.000000
rotate: -0.503107,0.000000,0.000000
drawImplementation
0.236791,	-0.176219,	0.955446,	0.000000
0.971561,	0.042948,	-0.232863,	0.000000
0.000000,	0.983414,	0.181377,	0.000000
-3.861010,	-0.170678,	0.925405,	1.000000
rotate: -0.503107,0.000000,0.000000
rotate: -0.503107,0.000000,0.000000
drawImplementation
0.236791,	-0.176219,	0.955446,	0.000000
0.971561,	0.042948,	-0.232863,	0.000000
0.000000,	0.983414,	0.181377,	0.000000
-3.861010,	-0.170678,	0.925405,	1.000000
rotate: -0.503107,0.000000,0.000000
rotate: -0.503107,0.000000,0.000000
drawImplementation
0.236791,	-0.176219,	0.955446,	0.000000
0.971561,	0.042948,	-0.232863,	0.000000
0.000000,	0.983414,	0.181377,	0.000000
-3.861010,	-0.170678,	0.925405,	1.000000
rotate: -0.503107,0.000000,0.000000
rotate: -0.503107,0.000000,0.000000
drawImplementation
0.236791,	-0.176219,	0.955446,	0.000000
0.971561,	0.042948,	-0.232863,	0.000000
0.000000,	0.983414,	0.181377,	0.000000
-3.861010,	-0.170678,	0.925405,	1.000000
rotate: -0.503107,0.000000,0.000000
drawImplementation
0.236791,	-0.176219,	0.955446,	0.000000
0.971561,	0.042948,	-0.232863,	0.000000
0.000000,	0.983414,	0.181377,	0.000000
-3.861010,	-0.170678,	0.925405,	1.000000
rotate: -0.503107,0.000000,0.000000
rotate: -0.503107,0.000000,0.000000
drawImplementation
0.236791,	-0.176219,	0.955446,	0.000000
0.971561,	0.042948,	-0.232863,	0.000000
0.000000,	0.983414,	0.181377,	0.000000
-3.861010,	-0.170678,	0.925405,	1.000000
rotate: -0.503107,0.000000,0.000000
rotate: -0.503107,0.000000,0.000000
drawImplementation
0.236791,	-0.176219,	0.955446,	0.000000
0.971561,	0.042948,	-0.232863,	0.000000
0.000000,	0.983414,	0.181377,	0.000000
-3.861010,	-0.170678,	0.875405,	1.000000
rotate: -0.503107,0.000000,0.000000
rotate: -0.503107,0.000000,0.000000
drawImplementation
0.236791,	-0.176219,	0.955446,	0.000000
0.971561,	0.042948,	-0.232863,	0.000000
0.000000,	0.983414,	0.181377,	0.000000
-3.861010,	-0.170678,	0.825405,	1.000000
rotate: -0.503107,0.000000,0.000000
rotate: -0.503107,0.000000,0.000000
drawImplementation
0.236791,	-0.176219,	0.955446,	0.000000
0.971561,	0.042948,	-0.232863,	0.000000
0.000000,	0.983414,	0.181377,	0.000000
-3.861010,	-0.170678,	0.775405,	1.000000
rotate: -0.503107,0.000000,0.000000
drawImplementation
0.236791,	-0.176219,	0.955446,	0.000000
0.971561,	0.042948,	-0.232863,	0.000000
0.000000,	0.983414,	0.181377,	0.000000
-3.861010,	-0.170678,	0.775405,	1.000000
rotate: -0.503107,0.000000,0.000000
drawImplementation
0.236791,	-0.176219,	0.955446,	0.000000
0.971561,	0.042948,	-0.232863,	0.000000
0.000000,	0.983414,	0.181377,	0.000000
-3.861010,	-0.170678,	0.775405,	1.000000
rotate: -0.503107,0.000000,0.000000
drawImplementation
0.236791,	-0.176219,	0.955446,	0.000000
0.971561,	0.042948,	-0.232863,	0.000000
0.000000,	0.983414,	0.181377,	0.000000
-3.861010,	-0.170678,	0.775405,	1.000000
rotate: -0.503107,0.000000,0.000000
rotate: -0.503107,0.000000,0.000000
drawImplementation
0.236791,	-0.176219,	0.955446,	0.000000
0.971561,	0.042948,	-0.232863,	0.000000
0.000000,	0.983414,	0.181377,	0.000000
-3.861010,	-0.170678,	0.775405,	1.000000
rotate: -0.503107,0.000000,0.000000
rotate: -0.503107,0.000000,0.000000
drawImplementation
0.236791,	-0.176219,	0.955446,	0.000000
0.971561,	0.042948,	-0.232863,	0.000000
0.000000,	0.983414,	0.181377,	0.000000
-3.861010,	-0.170678,	0.775405,	1.000000
rotate: -0.503107,0.000000,0.000000
drawImplementation
0.236791,	-0.176219,	0.955446,	0.000000
0.971561,	0.042948,	-0.232863,	0.000000
0.000000,	0.983414,	0.181377,	0.000000
-3.861010,	-0.170678,	0.775405,	1.000000
rotate: -0.503107,0.000000,0.000000
drawImplementation
0.236791,	-0.176219,	0.955446,	0.000000
0.971561,	0.042948,	-0.232863,	0.000000
0.000000,	0.983414,	0.181377,	0.000000
-3.861010,	-0.170678,	0.775405,	1.000000
rotate: -0.503107,0.000000,0.000000
rotate: -0.503107,0.000000,0.000000
rotate: -0.503107,0.000000,0.000000
drawImplementation
0.236791,	-0.176219,	0.955446,	0.000000
0.971561,	0.042948,	-0.232863,	0.000000
0.000000,	0.983414,	0.181377,	0.000000
-3.861010,	-0.170678,	0.725405,	1.000000
rotate: -0.503107,0.000000,0.000000
rotate: -0.503107,0.000000,0.000000
drawImplementation
0.236791,	-0.176219,	0.955446,	0.000000
0.971561,	0.042948,	-0.232863,	0.000000
0.000000,	0.983414,	0.181377,	0.000000
-3.861010,	-0.170678,	0.675405,	1.000000
rotate: -0.503107,0.000000,0.000000
rotate: -0.503107,0.000000,0.000000
drawImplementation
0.236791,	-0.176219,	0.955446,	0.000000
0.971561,	0.042948,	-0.232863,	0.000000
0.000000,	0.983414,	0.181377,	0.000000
-3.861010,	-0.170678,	0.625405,	1.000000
rotate: -0.503107,0.000000,0.000000
drawImplementation
0.236791,	-0.176219,	0.955446,	0.000000
0.971561,	0.042948,	-0.232863,	0.000000
0.000000,	0.983414,	0.181377,	0.000000
-3.861010,	-0.170678,	0.625405,	1.000000
rotate: -0.503107,0.000000,0.000000
rotate: -0.503107,0.000000,0.000000
drawImplementation
0.236791,	-0.176219,	0.955446,	0.000000
0.971561,	0.042948,	-0.232863,	0.000000
0.000000,	0.983414,	0.181377,	0.000000
-3.861010,	-0.170678,	0.625405,	1.000000
rotate: -0.503107,0.000000,0.000000
rotate: -0.503107,0.000000,0.000000
drawImplementation
0.236791,	-0.176219,	0.955446,	0.000000
0.971561,	0.042948,	-0.232863,	0.000000
0.000000,	0.983414,	0.181377,	0.000000
-3.861010,	-0.170678,	0.625405,	1.000000
rotate: -0.503107,0.000000,0.000000
drawImplementation
0.236791,	-0.176219,	0.955446,	0.000000
0.971561,	0.042948,	-0.232863,	0.000000
0.000000,	0.983414,	0.181377,	0.000000
-3.861010,	-0.170678,	0.625405,	1.000000
rotate: -0.503107,0.000000,0.000000
drawImplementation
0.236791,	-0.176219,	0.955446,	0.000000
0.971561,	0.042948,	-0.232863,	0.000000
0.000000,	0.983414,	0.181377,	0.000000
-3.861010,	-0.170678,	0.625405,	1.000000
rotate: -0.503107,0.000000,0.000000
drawImplementation
0.236791,	-0.176219,	0.955446,	0.000000
0.971561,	0.042948,	-0.232863,	0.000000
0.000000,	0.983414,	0.181377,	0.000000
-3.861010,	-0.170678,	0.625405,	1.000000
rotate: -0.503107,0.000000,0.000000
rotate: -0.503107,0.000000,0.000000
rotate: -0.503107,0.000000,0.000000
drawImplementation
0.236791,	-0.176219,	0.955446,	0.000000
0.971561,	0.042948,	-0.232863,	0.000000
0.000000,	0.983414,	0.181377,	0.000000
-3.861010,	-0.170678,	0.575405,	1.000000
rotate: -0.503107,0.000000,0.000000
rotate: -0.503107,0.000000,0.000000
rotate: -0.503107,0.000000,0.000000
drawImplementation
0.236791,	-0.176219,	0.955446,	0.000000
0.971561,	0.042948,	-0.232863,	0.000000
0.000000,	0.983414,	0.181377,	0.000000
-3.861010,	-0.170678,	0.525405,	1.000000
rotate: -0.503107,0.000000,0.000000
rotate: -0.503107,0.000000,0.000000
drawImplementation
0.236791,	-0.176219,	0.955446,	0.000000
0.971561,	0.042948,	-0.232863,	0.000000
0.000000,	0.983414,	0.181377,	0.000000
-3.861010,	-0.170678,	0.475405,	1.000000
rotate: -0.503107,0.000000,0.000000
drawImplementation
0.236791,	-0.176219,	0.955446,	0.000000
0.971561,	0.042948,	-0.232863,	0.000000
0.000000,	0.983414,	0.181377,	0.000000
-3.861010,	-0.170678,	0.475405,	1.000000
rotate: -0.503107,0.000000,0.000000
drawImplementation
0.236791,	-0.176219,	0.955446,	0.000000
0.971561,	0.042948,	-0.232863,	0.000000
0.000000,	0.983414,	0.181377,	0.000000
-3.861010,	-0.170678,	0.475405,	1.000000
rotate: -0.503107,0.000000,0.000000
drawImplementation
0.236791,	-0.176219,	0.955446,	0.000000
0.971561,	0.042948,	-0.232863,	0.000000
0.000000,	0.983414,	0.181377,	0.000000
-3.861010,	-0.170678,	0.475405,	1.000000
rotate: -0.503107,0.000000,0.000000
drawImplementation
0.236791,	-0.176219,	0.955446,	0.000000
0.971561,	0.042948,	-0.232863,	0.000000
0.000000,	0.983414,	0.181377,	0.000000
-3.861010,	-0.170678,	0.475405,	1.000000
rotate: -0.503107,0.000000,0.000000
drawImplementation
0.236791,	-0.176219,	0.955446,	0.000000
0.971561,	0.042948,	-0.232863,	0.000000
0.000000,	0.983414,	0.181377,	0.000000
-3.861010,	-0.170678,	0.475405,	1.000000
rotate: -0.503107,0.000000,0.000000
drawImplementation
0.236791,	-0.176219,	0.955446,	0.000000
0.971561,	0.042948,	-0.232863,	0.000000
0.000000,	0.983414,	0.181377,	0.000000
-3.861010,	-0.170678,	0.475405,	1.000000
rotate: -0.503107,0.000000,0.000000
rotate: -0.503107,0.000000,0.000000
drawImplementation
0.236791,	-0.176219,	0.955446,	0.000000
0.971561,	0.042948,	-0.232863,	0.000000
0.000000,	0.983414,	0.181377,	0.000000
-3.861010,	-0.170678,	0.475405,	1.000000
rotate: -0.503107,0.000000,0.000000
rotate: -0.503107,0.000000,0.000000
rotate: -0.503107,0.000000,0.000000
drawImplementation
0.236791,	-0.176219,	0.955446,	0.000000
0.971561,	0.042948,	-0.232863,	0.000000
0.000000,	0.983414,	0.181377,	0.000000
-3.861010,	-0.170678,	0.475405,	1.000000
rotate: -0.503107,0.000000,0.000000
rotate: -0.503107,0.000000,0.000000
drawImplementation
0.236791,	-0.176219,	0.955446,	0.000000
0.971561,	0.042948,	-0.232863,	0.000000
0.000000,	0.983414,	0.181377,	0.000000
-3.861010,	-0.170678,	0.475405,	1.000000
rotate: -0.503107,0.000000,0.000000
rotate: -0.503107,0.000000,0.000000
drawImplementation
0.236791,	-0.176219,	0.955446,	0.000000
0.971561,	0.042948,	-0.232863,	0.000000
0.000000,	0.983414,	0.181377,	0.000000
-3.861010,	-0.170678,	0.475405,	1.000000
rotate: -0.503107,0.000000,0.000000
rotate: -0.503107,0.000000,0.000000
drawImplementation
0.236791,	-0.176219,	0.955446,	0.000000
0.971561,	0.042948,	-0.232863,	0.000000
0.000000,	0.983414,	0.181377,	0.000000
-3.861010,	-0.170678,	0.475405,	1.000000
rotate: -0.503107,0.000000,0.000000
drawImplementation
0.236791,	-0.176219,	0.955446,	0.000000
0.971561,	0.042948,	-0.232863,	0.000000
0.000000,	0.983414,	0.181377,	0.000000
-3.861010,	-0.170678,	0.475405,	1.000000
rotate: -0.503107,0.000000,0.000000
drawImplementation
0.236791,	-0.176219,	0.955446,	0.000000
0.971561,	0.042948,	-0.232863,	0.000000
0.000000,	0.983414,	0.181377,	0.000000
-3.861010,	-0.170678,	0.475405,	1.000000
rotate: -0.503107,0.000000,0.000000
drawImplementation
0.236791,	-0.176219,	0.955446,	0.000000
0.971561,	0.042948,	-0.232863,	0.000000
0.000000,	0.983414,	0.181377,	0.000000
-3.861010,	-0.170678,	0.475405,	1.000000
rotate: -0.503107,0.000000,0.000000
rotate: -0.500117,0.000000,0.000000
drawImplementation
0.194217,	-0.159151,	0.967962,	0.000000
0.980959,	0.031510,	-0.191644,	0.000000
0.000000,	0.986751,	0.162240,	0.000000
-3.879068,	-0.134030,	0.312098,	1.000000
rotate: -0.500117,0.000000,0.000000
rotate: -0.476124,0.000000,0.000000
drawImplementation
0.058337,	-0.142961,	0.988007,	0.000000
0.998297,	0.008354,	-0.057736,	0.000000
0.000000,	0.989693,	0.143205,	0.000000
-3.887733,	-0.051637,	-0.213088,	1.000000
rotate: -0.476124,0.000000,0.000000
rotate: -0.444523,0.000000,0.000000
drawImplementation
-0.077489,	-0.142775,	0.986717,	0.000000
0.996993,	-0.011097,	0.076691,	0.000000
0.000000,	0.989693,	0.143205,	0.000000
-3.824289,	0.023544,	-0.732662,	1.000000
rotate: -0.444523,0.000000,0.000000
rotate: -0.427873,0.000000,0.000000
drawImplementation
-0.153432,	-0.133379,	0.979116,	0.000000
0.988159,	-0.020710,	0.152027,	0.000000
0.000000,	0.990849,	0.134977,	0.000000
-3.757457,	0.056604,	-1.020219,	1.000000
rotate: -0.427873,0.000000,0.000000
rotate: -0.420704,0.000000,0.000000
drawImplementation
-0.191849,	-0.121665,	0.973854,	0.000000
0.981424,	-0.023783,	0.190369,	0.000000
0.000000,	0.992286,	0.123968,	0.000000
-3.714881,	0.063343,	-1.165411,	1.000000
rotate: -0.420704,0.000000,0.000000
rotate: -0.415091,0.000000,0.000000
drawImplementation
-0.213270,	-0.121116,	0.969457,	0.000000
0.976993,	-0.026439,	0.211625,	0.000000
0.000000,	0.992286,	0.123968,	0.000000
-3.688526,	0.073381,	-1.245765,	1.000000
rotate: -0.415091,0.000000,0.000000
rotate: -0.413881,0.000000,0.000000
drawImplementation
-0.217847,	-0.120991,	0.968454,	0.000000
0.975983,	-0.027006,	0.216167,	0.000000
0.000000,	0.992286,	0.123968,	0.000000
-3.682648,	0.075523,	-1.262908,	1.000000
rotate: -0.413881,0.000000,0.000000
drawImplementation
-0.217847,	-0.120991,	0.968454,	0.000000
0.975983,	-0.027006,	0.216167,	0.000000
0.000000,	0.992286,	0.123968,	0.000000
-3.682648,	0.075523,	-1.262908,	1.000000
rotate: -0.413881,0.000000,0.000000
rotate: -0.412265,0.000000,0.000000
rotate: -0.412265,0.000000,0.000000
rotate: -0.412265,0.000000,0.000000
drawImplementation
-0.223943,	-0.120819,	0.967084,	0.000000
0.974602,	-0.027762,	0.222216,	0.000000
0.000000,	0.992286,	0.123968,	0.000000
-3.674685,	0.078373,	-1.285722,	1.000000
rotate: -0.412265,0.000000,0.000000
drawImplementation
-0.223943,	-0.120819,	0.967084,	0.000000
0.974602,	-0.027762,	0.222216,	0.000000
0.000000,	0.992286,	0.123968,	0.000000
-3.674685,	0.078373,	-1.285722,	1.000000
rotate: -0.412265,0.000000,0.000000
drawImplementation
-0.223943,	-0.120819,	0.967084,	0.000000
0.974602,	-0.027762,	0.222216,	0.000000
0.000000,	0.992286,	0.123968,	0.000000
-3.674685,	0.078373,	-1.285722,	1.000000
rotate: -0.412265,0.000000,0.000000
rotate: -0.412265,0.000000,0.000000
drawImplementation
-0.223943,	-0.120819,	0.967084,	0.000000
0.974602,	-0.027762,	0.222216,	0.000000
0.000000,	0.992286,	0.123968,	0.000000
-3.674685,	0.078373,	-1.285722,	1.000000
rotate: -0.412265,0.000000,0.000000
rotate: -0.412265,0.000000,0.000000
drawImplementation
-0.223943,	-0.120819,	0.967084,	0.000000
0.974602,	-0.027762,	0.222216,	0.000000
0.000000,	0.992286,	0.123968,	0.000000
-3.674685,	0.078373,	-1.285722,	1.000000
rotate: -0.412265,0.000000,0.000000
rotate: -0.412265,0.000000,0.000000
drawImplementation
-0.223943,	-0.120819,	0.967084,	0.000000
0.974602,	-0.027762,	0.222216,	0.000000
0.000000,	0.992286,	0.123968,	0.000000
-3.674685,	0.078373,	-1.285722,	1.000000
rotate: -0.412265,0.000000,0.000000
rotate: -0.412265,0.000000,0.000000
drawImplementation
-0.223943,	-0.120819,	0.967084,	0.000000
0.974602,	-0.027762,	0.222216,	0.000000
0.000000,	0.992286,	0.123968,	0.000000
-3.674685,	0.078373,	-1.285722,	1.000000
rotate: -0.412265,0.000000,0.000000
rotate: -0.412265,0.000000,0.000000
drawImplementation
-0.223943,	-0.120819,	0.967084,	0.000000
0.974602,	-0.027762,	0.222216,	0.000000
0.000000,	0.992286,	0.123968,	0.000000
-3.674685,	0.078373,	-1.285722,	1.000000
rotate: -0.412265,0.000000,0.000000
rotate: -0.412265,0.000000,0.000000
drawImplementation
-0.223943,	-0.120819,	0.967084,	0.000000
0.974602,	-0.027762,	0.222216,	0.000000
0.000000,	0.992286,	0.123968,	0.000000
-3.674685,	0.078373,	-1.285722,	1.000000
rotate: -0.412265,0.000000,0.000000
drawImplementation
-0.223943,	-0.120819,	0.967084,	0.000000
0.974602,	-0.027762,	0.222216,	0.000000
0.000000,	0.992286,	0.123968,	0.000000
-3.674685,	0.078373,	-1.285722,	1.000000
rotate: -0.412265,0.000000,0.000000
rotate: -0.382084,0.000000,0.000000
drawImplementation
-0.333412,	-0.116875,	0.935509,	0.000000
0.942781,	-0.041332,	0.330841,	0.000000
-0.000000,	0.992286,	0.123968,	0.000000
-3.504495,	0.129185,	-1.692443,	1.000000
rotate: -0.382084,0.000000,0.000000
rotate: -0.333398,0.000000,0.000000
drawImplementation
-0.492466,	-0.107893,	0.863618,	0.000000
0.870332,	-0.061050,	0.488667,	0.000000
-0.000000,	0.992286,	0.123968,	0.000000
-3.155786,	0.201616,	-2.272202,	1.000000
rotate: -0.333398,0.000000,0.000000
rotate: -0.287263,0.000000,0.000000
drawImplementation
-0.627834,	-0.088018,	0.773355,	0.000000
0.778347,	-0.070997,	0.623807,	0.000000
-0.000000,	0.993586,	0.113083,	0.000000
-2.741675,	0.231453,	-2.755392,	1.000000
rotate: -0.287263,0.000000,0.000000
rotate: -0.258257,0.000000,0.000000
drawImplementation
-0.705582,	-0.066504,	0.705501,	0.000000
0.708629,	-0.066218,	0.702467,	0.000000
-0.000000,	0.995586,	0.093849,	0.000000
-2.438489,	0.203548,	-3.029006,	1.000000
rotate: -0.258257,0.000000,0.000000
rotate: -0.248025,0.000000,0.000000
drawImplementation
-0.728449,	-0.064296,	0.682076,	0.000000
0.685100,	-0.068364,	0.725234,	0.000000
0.000000,	0.995586,	0.093849,	0.000000
-2.337617,	0.210902,	-3.107025,	1.000000
rotate: -0.248025,0.000000,0.000000
rotate: -0.247685,0.000000,0.000000
drawImplementation
-0.731650,	-0.058317,	0.679181,	0.000000
0.681680,	-0.062592,	0.728968,	0.000000
-0.000000,	0.996334,	0.085549,	0.000000
-2.323010,	0.185938,	-3.119550,	1.000000
rotate: -0.247685,0.000000,0.000000
drawImplementation
-0.731650,	-0.058317,	0.679181,	0.000000
0.681680,	-0.062592,	0.728968,	0.000000
-0.000000,	0.996334,	0.085549,	0.000000
-2.323010,	0.185938,	-3.119550,	1.000000
rotate: -0.247685,0.000000,0.000000
drawImplementation
-0.731650,	-0.058317,	0.679181,	0.000000
0.681680,	-0.062592,	0.728968,	0.000000
-0.000000,	0.996334,	0.085549,	0.000000
-2.323010,	0.185938,	-3.119550,	1.000000
rotate: -0.247685,0.000000,0.000000
drawImplementation
-0.731650,	-0.058317,	0.679181,	0.000000
0.681680,	-0.062592,	0.728968,	0.000000
-0.000000,	0.996334,	0.085549,	0.000000
-2.323010,	0.185938,	-3.119550,	1.000000
rotate: -0.247685,0.000000,0.000000
rotate: -0.247685,0.000000,0.000000
rotate: -0.247685,0.000000,0.000000
drawImplementation
-0.731650,	-0.058317,	0.679181,	0.000000
0.681680,	-0.062592,	0.728968,	0.000000
-0.000000,	0.996334,	0.085549,	0.000000
-2.323010,	0.185938,	-3.119550,	1.000000
rotate: -0.247685,0.000000,0.000000
drawImplementation
-0.731650,	-0.058317,	0.679181,	0.000000
0.681680,	-0.062592,	0.728968,	0.000000
-0.000000,	0.996334,	0.085549,	0.000000
-2.323010,	0.185938,	-3.119550,	1.000000
rotate: -0.247685,0.000000,0.000000
drawImplementation
-0.731650,	-0.058317,	0.679181,	0.000000
0.681680,	-0.062592,	0.728968,	0.000000
-0.000000,	0.996334,	0.085549,	0.000000
-2.323010,	0.185938,	-3.119550,	1.000000
rotate: -0.247685,0.000000,0.000000
rotate: -0.247685,0.000000,0.000000
drawImplementation
-0.731650,	-0.058317,	0.679181,	0.000000
0.681680,	-0.062592,	0.728968,	0.000000
-0.000000,	0.996334,	0.085549,	0.000000
-2.323010,	0.185938,	-3.119550,	1.000000
rotate: -0.247685,0.000000,0.000000
rotate: -0.247685,0.000000,0.000000
drawImplementation
-0.731650,	-0.058317,	0.679181,	0.000000
0.681680,	-0.062592,	0.728968,	0.000000
-0.000000,	0.996334,	0.085549,	0.000000
-2.323010,	0.185938,	-3.119550,	1.000000
rotate: -0.247685,0.000000,0.000000
rotate: -0.247685,0.000000,0.000000
drawImplementation
-0.731650,	-0.058317,	0.679181,	0.000000
0.681680,	-0.062592,	0.728968,	0.000000
-0.000000,	0.996334,	0.085549,	0.000000
-2.323010,	0.185938,	-3.119550,	1.000000
rotate: -0.247685,0.000000,0.000000
drawImplementation
-0.731650,	-0.058317,	0.679181,	0.000000
0.681680,	-0.062592,	0.728968,	0.000000
-0.000000,	0.996334,	0.085549,	0.000000
-2.323010,	0.185938,	-3.119550,	1.000000
rotate: -0.247685,0.000000,0.000000
drawImplementation
-0.731650,	-0.058317,	0.679181,	0.000000
0.681680,	-0.062592,	0.728968,	0.000000
-0.000000,	0.996334,	0.085549,	0.000000
-2.323010,	0.185938,	-3.119550,	1.000000
rotate: -0.247685,0.000000,0.000000
drawImplementation
-0.731650,	-0.058317,	0.679181,	0.000000
0.681680,	-0.062592,	0.728968,	0.000000
-0.000000,	0.996334,	0.085549,	0.000000
-2.323010,	0.185938,	-3.119550,	1.000000
rotate: -0.247685,0.000000,0.000000
drawImplementation
-0.731650,	-0.058317,	0.679181,	0.000000
0.681680,	-0.062592,	0.728968,	0.000000
-0.000000,	0.996334,	0.085549,	0.000000
-2.323010,	0.185938,	-3.119550,	1.000000
rotate: -0.247685,0.000000,0.000000
drawImplementation
-0.731650,	-0.058317,	0.679181,	0.000000
0.681680,	-0.062592,	0.728968,	0.000000
-0.000000,	0.996334,	0.085549,	0.000000
-2.323010,	0.185938,	-3.119550,	1.000000
rotate: -0.247685,0.000000,0.000000
rotate: -0.247685,0.000000,0.000000
drawImplementation
-0.731650,	-0.058317,	0.679181,	0.000000
0.681680,	-0.062592,	0.728968,	0.000000
-0.000000,	0.996334,	0.085549,	0.000000
2.666584,	2.206188,	-3.269689,	1.000000
rotate: -0.247685,0.000000,0.000000
drawImplementation
-0.731650,	-0.058317,	0.679181,	0.000000
0.681680,	-0.062592,	0.728968,	0.000000
-0.000000,	0.996334,	0.085549,	0.000000
2.666584,	2.206188,	-3.269689,	1.000000
rotate: -0.247685,0.000000,0.000000
drawImplementation
-0.731650,	-0.058317,	0.679181,	0.000000
0.681680,	-0.062592,	0.728968,	0.000000
-0.000000,	0.996334,	0.085549,	0.000000
2.666584,	2.206188,	-3.269689,	1.000000
rotate: -0.247685,0.000000,0.000000
drawImplementation
-0.731650,	-0.058317,	0.679181,	0.000000
0.681680,	-0.062592,	0.728968,	0.000000
-0.000000,	0.996334,	0.085549,	0.000000
2.666584,	2.206188,	-3.269689,	1.000000
rotate: -0.247685,0.000000,0.000000
drawImplementation
-0.731650,	-0.058317,	0.679181,	0.000000
0.681680,	-0.062592,	0.728968,	0.000000
-0.000000,	0.996334,	0.085549,	0.000000
2.666584,	2.206188,	-3.269689,	1.000000
rotate: -0.247685,0.000000,0.000000
drawImplementation
-0.731650,	-0.058317,	0.679181,	0.000000
0.681680,	-0.062592,	0.728968,	0.000000
-0.000000,	0.996334,	0.085549,	0.000000
2.666584,	2.206188,	-3.269689,	1.000000
rotate: -0.247685,0.000000,0.000000
drawImplementation
-0.731650,	-0.058317,	0.679181,	0.000000
0.681680,	-0.062592,	0.728968,	0.000000
-0.000000,	0.996334,	0.085549,	0.000000
2.666584,	2.206188,	-3.269689,	1.000000
rotate: -0.247685,0.000000,0.000000
drawImplementation
-0.731650,	-0.058317,	0.679181,	0.000000
0.681680,	-0.062592,	0.728968,	0.000000
-0.000000,	0.996334,	0.085549,	0.000000
2.666584,	2.206188,	-3.269689,	1.000000
rotate: -0.247685,0.000000,0.000000
drawImplementation
-0.731650,	-0.058317,	0.679181,	0.000000
0.681680,	-0.062592,	0.728968,	0.000000
-0.000000,	0.996334,	0.085549,	0.000000
2.666584,	2.206188,	-3.269689,	1.000000
rotate: -0.247685,0.000000,0.000000
drawImplementation
-0.731650,	-0.058317,	0.679181,	0.000000
0.681680,	-0.062592,	0.728968,	0.000000
-0.000000,	0.996334,	0.085549,	0.000000
2.666584,	2.206188,	-3.269689,	1.000000
rotate: -0.247685,0.000000,0.000000
drawImplementation
-0.731650,	-0.058317,	0.679181,	0.000000
0.681680,	-0.062592,	0.728968,	0.000000
-0.000000,	0.996334,	0.085549,	0.000000
2.666584,	2.206188,	-3.269689,	1.000000
rotate: -0.247685,0.000000,0.000000
drawImplementation
-0.731650,	-0.058317,	0.679181,	0.000000
0.681680,	-0.062592,	0.728968,	0.000000
-0.000000,	0.996334,	0.085549,	0.000000
2.666584,	2.206188,	-3.269689,	1.000000
rotate: -0.247685,0.000000,0.000000
drawImplementation
-0.731650,	-0.058317,	0.679181,	0.000000
0.681680,	-0.062592,	0.728968,	0.000000
-0.000000,	0.996334,	0.085549,	0.000000
2.666584,	2.206188,	-3.269689,	1.000000
rotate: -0.247685,0.000000,0.000000
drawImplementation
-0.731650,	-0.058317,	0.679181,	0.000000
0.681680,	-0.062592,	0.728968,	0.000000
-0.000000,	0.996334,	0.085549,	0.000000
2.666584,	2.206188,	-3.269689,	1.000000
rotate: -0.247685,0.000000,0.000000
drawImplementation
-0.731650,	-0.058317,	0.679181,	0.000000
0.681680,	-0.062592,	0.728968,	0.000000
-0.000000,	0.996334,	0.085549,	0.000000
2.666584,	2.206188,	-3.269689,	1.000000
rotate: -0.247685,0.000000,0.000000
rotate: -0.247685,0.000000,0.000000
drawImplementation
-0.731650,	-0.058317,	0.679181,	0.000000
0.681680,	-0.062592,	0.728968,	0.000000
-0.000000,	0.996334,	0.085549,	0.000000
7.656178,	-2.747899,	-4.018673,	1.000000
rotate: -0.247685,0.000000,0.000000
rotate: -0.247685,0.000000,0.000000
drawImplementation
-0.731650,	-0.058317,	0.679181,	0.000000
0.681680,	-0.062592,	0.728968,	0.000000
-0.000000,	0.996334,	0.085549,	0.000000
12.645771,	3.257688,	-3.826615,	1.000000
rotate: -0.247685,0.000000,0.000000
rotate: -0.247685,0.000000,0.000000
drawImplementation
-0.731650,	-0.058317,	0.679181,	0.000000
0.681680,	-0.062592,	0.728968,	0.000000
-0.000000,	0.996334,	0.085549,	0.000000
17.635365,	-2.692733,	-4.661149,	1.000000
rotate: -0.247685,0.000000,0.000000
rotate: -0.247685,0.000000,0.000000
drawImplementation
-0.731650,	-0.058317,	0.679181,	0.000000
0.681680,	-0.062592,	0.728968,	0.000000
-0.000000,	0.996334,	0.085549,	0.000000
22.624959,	-1.668816,	-4.896837,	1.000000
rotate: -0.247685,0.000000,0.000000
rotate: -0.247685,0.000000,0.000000
drawImplementation
-0.731650,	-0.058317,	0.679181,	0.000000
0.681680,	-0.062592,	0.728968,	0.000000
-0.000000,	0.996334,	0.085549,	0.000000
27.614552,	0.351435,	-5.046976,	1.000000
rotate: -0.247685,0.000000,0.000000
rotate: -0.247685,0.000000,0.000000
drawImplementation
-0.731650,	-0.058317,	0.679181,	0.000000
0.681680,	-0.062592,	0.728968,	0.000000
-0.000000,	0.996334,	0.085549,	0.000000
32.604146,	2.371685,	-5.197115,	1.000000
rotate: -0.247685,0.000000,0.000000
rotate: -0.247685,0.000000,0.000000
drawImplementation
-0.731650,	-0.058317,	0.679181,	0.000000
0.681680,	-0.062592,	0.728968,	0.000000
-0.000000,	0.996334,	0.085549,	0.000000
37.593739,	9.373606,	-4.919507,	1.000000
rotate: -0.247685,0.000000,0.000000
rotate: -0.247685,0.000000,0.000000
